Random waveform, supplied seed
Total number of intervals = 143 (8195, 158594, 149766, 10382, 170548, 150565, 137144, 143496, 144743, 116745, 129314, 144723, 117379, 119931, 132052, 143350, 143518, 172981, 94027, 170019, 179090, 47130, 19439, 128963, 23787, 61848, 101968, 108767, 97139, 158594, 141240, 41405, 57997, 133577, 53832, 139832, 170515, 128494, 20789, 63647, 64802, 55719, 174179, 106356, 178750, 105831, 110667, 8803, 45662, 30867, 45656, 100938, 132360, 67591, 33910, 85729, 12884, 45621, 36938, 56902, 102243, 14085, 94103, 58175, 151312, 83333, 165153, 123975, 28449, 14903, 31189, 40636, 80574, 168820, 162621, 101621, 58592, 153042, 112238, 160265, 57109, 88551, 8385, 34088, 113600, 131842, 112066, 72585, 133669, 11820, 12639, 118548, 165754, 86823, 16898, 123124, 72278, 47757, 60510, 25237, 97783, 118966, 16631, 11743, 115026, 122371, 7198, 25022, 157513, 171975, 154918, 139185, 152724, 20845, 140348, 88725, 134088, 66126, 78214, 55191, 54081, 112478, 179666, 100584, 127920, 6594, 25020, 129587, 10277, 148458, 66114, 49261, 133049, 106628, 23498, 103564, 161774, 39037, 163622, 132405, 131596, 174543, 90567)
Average QPS expected = 94260
Timestamp start: 1746896064800
Timestamp end: 1746897065133

#type       avg     std     min      p5     p10     p50     p67     p75     p80     p85     p90     p95     p99    p999   p9999      QPS   target
read      231.7    99.1    93.8   141.4   157.1   224.1   247.0   261.1   271.5   285.2   303.3   334.6   415.5  1068.7  3395.9   8190.9     8195
read      349.3   245.7    80.4   159.2   179.4   300.4   370.2   416.3   452.8   498.2   558.8   659.2   938.8  3235.3  7579.7 158530.9   158594
read      335.2   204.5    86.8   155.5   175.7   296.0   364.5   408.1   442.0   482.7   534.6   613.8   800.1  2864.5  6018.4 149717.3   149766
read      286.3   406.9    93.8   142.1   159.3   240.8   268.9   285.5   297.3   314.3   337.9   384.5  1572.3  6785.5  8083.2  10389.3    10382
read      473.2   433.5    86.8   201.3   227.0   347.0   424.2   483.5   536.2   612.2   768.9  1425.0  1911.7  4631.9  7944.5 170521.4   170548
read      377.9   202.1    80.4   196.4   219.8   338.6   408.8   452.5   484.9   524.3   576.1   659.0   864.0  2480.2  6679.9 150485.0   150565
read      328.0   186.6    80.4   159.6   179.8   296.1   355.9   392.7   421.3   457.0   504.8   585.6   791.6  2007.6  5097.0 137198.1   137144
read      338.1   247.2    80.4   155.3   175.6   294.3   357.9   398.4   430.5   470.0   525.0   613.5   909.6  3424.0  7607.4 143581.0   143496
read      322.3   230.8    80.4   151.0   169.8   281.1   336.9   371.7   399.6   435.9   489.8   584.8  1200.5  3077.7  7214.3 144820.9   144743
read      248.6   147.7    74.4   129.3   141.6   221.3   270.7   299.9   320.6   345.1   375.6   424.1   572.7  1858.9  4390.0 116743.7   116745
read      257.8   150.7    80.4   134.1   148.0   232.4   281.0   309.3   329.9   354.6   386.6   435.7   582.2  1865.6  5616.7 129284.3   129314
read      292.6   171.0    80.4   144.5   162.0   265.3   318.7   351.0   375.1   404.3   444.9   510.0   677.9  1954.5  5497.4 144995.0   144723
read      246.9   117.0    80.4   130.3   142.8   223.0   272.4   301.8   322.3   346.6   377.3   424.3   541.0  1161.5  2717.9 117508.3   117379
read      255.3   149.7    80.4   132.0   145.1   228.3   278.0   307.2   328.1   352.7   384.8   433.9   592.1  1883.5  4152.9 119649.1   119931
read      268.0   181.5    80.4   136.4   150.9   239.8   289.7   318.4   340.1   366.1   399.9   457.3   630.0  2706.1  6155.9 132007.9   132052
read      278.5   139.7    80.4   141.7   158.0   254.5   305.9   336.3   359.3   387.1   423.8   482.6   626.1  1338.8  4627.9 143393.1   143350
read      292.1   175.3    80.4   144.5   161.7   263.8   318.3   351.2   375.6   405.7   448.1   515.7   688.6  1717.0  5621.8 143458.7   143518
read      352.9   185.6    80.4   168.9   190.8   313.8   386.0   431.4   466.0   507.1   561.7   644.5   837.7  1870.0  4363.6 173021.7   172981
read      257.0   163.7    80.4   130.1   143.0   231.1   282.7   311.6   332.3   356.4   387.7   437.0   611.8  1925.3  5342.2  93855.6    94027
read      349.5   178.6    80.4   164.3   186.3   314.5   388.9   434.3   467.7   506.5   555.6   629.9   787.8  1465.3  4321.7 169928.4   170019
read      360.3   222.2    86.8   171.8   194.3   315.4   380.2   426.9   465.6   514.5   577.5   668.3   883.9  2760.1  6951.9 178754.3   179090
read      263.4   130.7    86.8   130.5   143.3   245.4   295.2   321.3   341.2   365.3   397.5   452.8   610.8  1318.7  3432.2  47110.0    47130
read      264.8   129.7    86.8   137.6   153.2   259.3   293.6   312.7   326.3   342.5   364.7   398.2   491.4  1257.6  5425.4  19365.1    19439
read      352.4   309.7    86.8   147.0   165.2   284.1   344.7   382.7   412.9   454.7   522.3   716.2  1664.4  3270.0  7433.3 128821.9   128963
read      259.8    95.8    86.8   133.4   147.7   256.1   292.3   312.2   326.2   342.8   365.8   399.7   477.2  1027.7  2348.2  23752.3    23787
read      253.5   194.5    80.4   125.5   136.5   234.6   290.7   317.0   335.1   355.7   382.2   426.5   545.7  1440.6  7887.5  61799.9    61848
read      246.6   125.3    80.4   128.4   140.1   220.9   273.3   303.4   324.3   348.1   377.6   423.0   547.6  1483.5  3044.2 102104.1   101968
read      245.6   125.7    80.4   129.0   141.0   221.1   271.7   301.3   322.1   346.1   375.6   420.8   528.8  1365.0  3021.6 108894.1   108767
read      244.0   130.1    80.4   126.3   137.9   217.8   271.2   301.5   322.2   345.6   374.0   418.0   542.5  1492.6  3579.5  97152.3    97139
read      345.1   176.0    86.8   155.1   175.5   305.8   389.0   441.8   479.0   520.3   569.4   637.9   780.8  1206.0  4748.1 158601.4   158594
read      330.3   166.0    86.8   156.7   177.2   296.4   362.8   404.8   437.7   477.5   528.2   603.8   766.4  1283.2  4110.7 141369.6   141240
read      269.8   142.2    86.8   129.1   141.0   262.6   311.9   338.5   357.5   378.5   403.3   441.3   522.2  1130.9  6656.8  41581.4    41405
read      284.2   269.1    80.4   126.0   137.9   254.6   309.9   338.9   360.4   386.0   420.7   480.6   857.5  4197.4  9058.2  57823.0    57997
read      258.1   152.2    80.4   134.5   148.7   232.3   279.9   308.1   328.6   353.2   385.7   435.7   588.7  1841.7  5961.8 133766.6   133577
read      243.7   125.9    86.8   124.4   135.1   232.6   281.3   303.4   317.7   334.9   356.4   391.4   487.4  1557.7  3550.4  53675.7    53832
read      274.7   192.3    80.4   138.8   154.0   244.7   293.3   321.5   343.3   369.9   404.4   465.2   687.0  2731.2  6811.8 140156.7   139832
read      331.0   179.3    80.4   163.3   184.6   302.6   364.6   401.3   429.4   462.5   504.9   572.4   729.4  1780.2  6646.0 170581.6   170515
read      258.1   154.9    80.4   133.1   147.3   232.5   280.7   308.8   329.2   353.6   385.6   435.5   598.2  1837.4  5603.1 128562.7   128494
read      266.7   154.5    86.8   134.2   149.6   254.8   289.1   308.0   321.0   338.7   361.8   400.0   689.7  2210.9  4101.3  20908.4    20789
read      250.5   157.0    80.4   123.3   134.3   230.2   284.6   310.3   327.6   347.0   372.9   417.6   555.0  2254.6  4713.1  63588.4    63647
read      239.3   101.5    86.8   124.2   135.0   224.9   279.1   304.1   320.1   338.3   360.3   393.0   467.0   818.6  1896.3  64831.7    64802
read      244.3   120.2    86.8   126.3   137.5   233.6   283.5   306.5   321.0   338.7   360.3   393.2   473.0  1043.1  3962.9  55662.0    55719
read      346.7   179.5    86.8   170.3   191.7   306.3   374.9   422.2   457.8   499.8   551.8   632.2   808.6  1921.2  4676.3 174404.3   174179
read      263.6   220.1    80.4   129.9   142.9   229.2   278.6   307.2   327.6   351.9   384.3   437.8   818.1  3213.5  7601.0 106197.9   106356
read      335.5   163.1    80.4   163.8   184.5   303.3   372.9   415.0   445.4   480.5   525.1   590.4   739.1  1602.4  4542.5 178707.1   178750
read      249.2   133.8    80.4   130.0   143.0   228.4   276.2   303.9   322.9   345.5   373.5   417.2   521.0  1403.1  4191.0 106003.0   105831
read      243.9   145.2    80.4   127.6   139.4   217.4   267.4   296.7   317.5   341.5   370.9   415.6   533.8  1855.8  3482.5 110834.6   110667
read      248.5   145.6    86.8   142.8   159.9   237.4   264.3   279.1   290.7   304.7   322.8   358.9   488.5  1840.8  7205.5   8835.9     8803
read      291.1   214.8    86.8   126.3   139.3   270.1   326.1   355.4   375.2   399.0   430.2   485.8   846.3  2959.5  7288.4  45707.6    45662
read      288.7   184.7    86.8   131.2   144.9   272.7   319.9   344.2   362.6   384.2   413.3   468.2   818.1  2322.7  4517.5  30904.4    30867
read      282.6   172.5    80.4   126.1   138.3   268.9   323.9   352.8   372.4   395.0   423.3   466.4   636.4  2341.2  5657.9  45600.0    45656
read      279.7   250.8    86.8   128.0   139.9   227.6   283.3   314.2   336.5   363.2   398.8   482.4  1489.9  2751.7  7060.5 100861.4   100938
read      266.8   166.4    80.4   137.5   151.6   239.3   287.8   316.0   337.1   362.6   395.7   450.5   639.1  2459.3  4269.1 132361.7   132360
read      241.3   124.4    80.4   124.4   135.1   224.0   279.6   305.7   322.4   341.6   365.0   399.1   480.7   937.1  4288.9  67616.4    67591
read      296.1   375.3    80.4   129.5   142.1   266.0   312.2   337.0   354.9   375.6   404.5   467.7  1234.3  3290.6 24035.8  33875.9    33910
read      251.3   121.9    86.8   125.7   137.0   224.6   283.5   314.4   336.0   360.9   392.9   447.3   602.3  1149.8  2393.8  85850.1    85729
read      249.1   102.0    93.8   140.9   158.1   243.9   271.5   287.3   298.1   312.7   331.3   362.4   442.9  1197.4  4059.9  12968.4    12884
read      275.6   139.7    86.8   126.1   138.3   264.9   318.6   346.4   365.8   387.7   414.7   457.4   588.5  1485.9  3570.3  45730.1    45621
read      272.2   188.1    86.8   128.0   139.9   264.6   311.8   336.1   352.8   371.8   396.3   432.6   542.7  1445.0 10279.3  36913.4    36938
read      281.7   161.6    80.4   125.6   137.7   265.1   324.8   357.4   379.3   403.0   433.2   479.0   619.1  1948.0  5141.8  56921.3    56902
read      262.4   224.1    80.4   127.9   139.7   222.6   277.1   308.2   330.0   355.5   389.2   450.4  1116.3  2197.8  5517.7 102344.3   102243
read      250.8    97.1    86.8   140.2   157.2   246.2   274.0   290.3   301.9   316.1   335.8   366.8   451.3   994.4  3895.9  14161.7    14085
read      266.9   188.7    86.8   127.9   139.7   228.6   287.3   319.6   343.4   372.4   414.8   501.7   847.0  1889.1  5447.4  93840.7    94103
read      244.6   111.2    86.8   125.6   136.6   232.5   284.9   308.9   324.6   342.4   365.1   398.3   476.4   876.5  3069.3  58289.1    58175
read      305.3   177.1    80.4   149.1   166.9   278.3   337.3   372.1   398.1   429.6   469.9   536.5   691.3  1594.5  3949.6 151525.4   151312
read      241.8   142.3    80.4   125.1   136.1   218.9   274.8   304.2   323.7   345.2   371.9   412.6   507.9   886.2  3840.8  83121.0    83333
read      334.9   183.8    80.4   161.6   181.9   301.2   368.6   409.8   440.8   477.2   524.6   594.4   761.0  1905.3  6027.3 164924.9   165153
read      257.0   138.9    80.4   134.0   148.1   234.0   282.2   310.1   330.5   354.8   386.6   435.4   578.0  1321.2  5228.9 123929.3   123975
read      260.5   105.4    86.8   131.4   144.6   257.7   295.7   316.1   330.8   346.9   369.5   402.1   488.2  1027.1  2287.8  28565.9    28449
read      251.6    89.9    86.8   138.6   155.2   248.0   276.6   292.8   304.5   317.7   337.1   367.8   452.6   949.1  2251.7  14870.6    14903
read      267.8   140.9    86.8   129.6   142.2   259.9   301.5   322.6   338.6   357.1   380.1   419.3   575.7  1731.5  4671.6  31091.1    31189
read      271.7   150.3    86.8   127.2   139.0   263.7   312.8   338.2   355.9   375.2   400.1   437.4   546.0  1575.5  6263.7  40678.4    40636
read      252.9   134.4    80.4   125.2   136.3   226.0   285.6   315.7   336.7   361.3   393.3   447.7   604.0  1533.3  3451.3  80491.1    80574
read      345.6   186.2    80.4   160.3   180.8   308.4   387.5   433.9   466.3   503.5   549.4   622.9   795.6  1794.3  5570.2 168490.1   168820
read      326.6   172.1    80.4   152.6   172.1   291.0   360.9   403.6   435.7   473.6   523.7   600.1   774.5  1672.4  4130.6 162608.1   162621
read      254.3   121.3    80.4   132.3   146.3   234.5   281.9   308.6   327.6   349.8   378.2   423.1   541.0  1418.3  2927.5 101683.0   101621
read      240.6   119.1    80.4   124.6   135.1   228.4   280.1   303.5   318.6   336.1   357.5   390.0   463.7   923.4  3920.7  58578.3    58592
read      321.7   170.3    80.4   152.9   171.9   288.6   354.2   394.6   425.1   461.8   508.9   584.1   743.8  2038.6  4539.9 153055.4   153042
read      248.7   146.7    86.8   129.6   142.0   223.2   272.9   302.0   322.2   345.6   375.9   423.8   570.8  1592.0  4316.0 112138.0   112238
read      331.7   179.2    80.4   156.6   176.1   294.0   365.8   412.0   446.4   486.0   535.5   608.3   762.2  1638.5  6049.4 160328.3   160265
read      240.2   112.4    86.8   125.4   136.4   228.7   279.4   302.9   318.0   335.6   356.9   389.3   460.0   733.6  4201.7  57149.7    57109
read      239.5   117.2    86.8   125.1   136.1   215.9   271.4   301.6   321.1   343.2   369.6   407.5   499.2   920.9  3326.3  88428.1    88551
read      235.5    81.3    93.8   141.1   157.6   229.9   254.3   268.4   278.4   291.7   309.4   338.0   412.2  1022.0  2298.5   8397.4     8385
read      270.9   144.2    86.8   129.1   141.6   263.3   309.5   333.1   349.0   367.9   391.8   428.2   539.5  1722.9  5987.4  34183.7    34088
read      280.4   243.8    86.8   131.6   144.8   232.8   286.7   316.7   338.6   364.9   399.5   467.1  1504.2  2933.3  7000.3 113602.6   113600
read      258.1   132.7    80.4   136.4   150.6   235.4   283.0   310.8   331.1   355.5   387.1   434.9   562.3  1379.3  4255.0 131747.7   131842
read      246.2   129.9    80.4   129.4   141.6   221.6   271.2   300.3   320.5   344.4   373.6   419.5   538.7  1670.8  3496.4 112022.9   112066
read      239.4   115.1    80.4   124.3   134.9   220.4   276.2   303.5   321.0   341.0   365.1   399.7   481.6   841.4  3429.5  72404.9    72585
read      260.0   129.7    80.4   137.7   151.7   237.3   285.0   312.8   333.3   357.8   389.4   437.3   568.1  1493.5  3318.4 133328.7   133669
read      244.5    94.1    93.8   141.3   158.3   238.3   265.3   280.3   291.5   305.6   323.8   357.0   438.4  1085.0  3437.7  11759.7    11820
read      251.5   198.8    86.8   140.0   157.1   242.4   270.1   285.9   296.6   311.6   330.8   363.3   445.7  1898.5 10035.7  12655.0    12639
read      299.7   276.3    80.4   135.4   149.7   243.8   298.0   328.8   351.3   379.4   420.7   521.6  1604.4  3238.2  7212.9 118440.9   118548
read      329.6   164.3    86.8   158.3   178.2   297.2   368.1   410.6   441.2   476.0   519.6   583.9   728.2  1460.1  5203.5 165727.6   165754
read      241.6   112.6    80.4   127.0   138.4   220.4   272.4   300.9   319.6   341.2   367.6   405.2   501.2  1138.4  3253.9  86662.6    86823
read      252.8   111.4    86.8   138.2   154.4   247.4   278.3   295.0   307.7   321.2   341.8   373.2   461.0  1205.9  5672.6  16994.1    16898
read      313.6   289.8    80.4   138.2   153.0   253.5   307.9   338.9   362.9   393.3   438.0   566.6  1642.9  3102.2  7291.2 123062.6   123124
read      241.3   115.3    86.8   125.0   135.7   222.4   278.3   305.4   323.0   343.0   367.9   404.1   497.1   810.1  2711.3  72367.6    72278
read      273.3   132.1    80.4   127.2   139.3   261.7   314.7   342.6   362.8   385.5   413.6   457.4   577.6  1535.4  2620.9  47698.9    47757
read      250.6   129.9    80.4   125.9   136.8   234.7   288.3   313.4   330.7   350.2   376.0   419.8   528.9  1438.7  3305.9  60218.9    60510
read      257.0   105.0    86.8   132.1   145.8   253.4   289.2   308.3   321.0   337.6   358.5   392.1   483.2  1036.7  3246.5  25240.3    25237
read      300.5   270.2    80.4   129.6   142.3   235.7   293.8   326.4   350.7   382.0   433.0   714.2  1497.8  2739.2  7057.9  97744.4    97783
read      249.4   136.7    80.4   131.9   144.9   226.0   274.0   302.3   322.0   345.6   375.6   422.4   538.5  1450.7  3742.3 118965.9   118966
read      252.0   147.6    86.8   138.9   154.8   245.3   274.9   291.5   303.5   317.6   337.5   368.8   448.5  1260.3  7180.7  16634.3    16631
read      250.6   119.9    93.8   141.6   158.8   243.5   272.3   288.8   300.4   315.1   334.7   365.9   452.8  1144.4  4825.1  11714.7    11743
read      337.4   356.5    80.4   135.7   150.7   256.5   314.1   346.1   371.2   403.3   459.8   861.9  1789.2  3608.1  7672.6 114928.6   115026
read      250.0   126.1    74.4   132.6   145.9   227.1   274.8   303.4   323.5   347.1   377.3   423.3   535.6  1352.6  3868.0 122256.6   122371
read      235.2   119.2    86.8   142.3   157.9   227.1   251.2   265.8   275.6   289.9   307.9   337.1   408.6  1183.5  5532.5   7215.1     7198
read      249.1    82.4    86.8   133.5   146.8   248.2   280.7   297.4   310.3   324.2   343.4   373.7   447.0   584.6  1917.1  25079.1    25022
read      592.7   618.0    80.4   183.4   211.1   318.6   399.9   637.6  1003.9  1317.7  1475.7  1682.6  2971.4  4672.6  8050.2 157375.0   157513
read      603.0   659.0    86.8   182.4   210.1   318.7   397.2   596.7   950.4  1317.3  1520.5  1785.1  3270.6  4766.3  8072.8 171899.3   171975
read      609.9   677.7    86.8   182.4   210.3   319.7   397.3   587.3   948.9  1325.4  1544.1  1836.6  3336.5  4948.3  8085.5 154920.4   154918
read      612.3   688.5    86.8   182.0   210.0   319.4   395.2   579.0   955.0  1337.6  1549.7  1843.6  3357.3  6220.5  8445.3 139168.1   139185
read      611.4   683.3    86.8   182.0   210.1   319.7   395.7   577.2   958.8  1338.9  1546.8  1837.8  3358.7  5015.7  8135.5 152768.9   152724
read      652.0   848.4    93.8   183.1   211.3   322.6   403.6   632.4  1003.7  1364.2  1568.3  1884.0  3719.4  8021.2 10154.3  20856.4    20845
read      613.3   688.7    80.4   181.9   210.2   319.5   394.4   573.1   953.7  1347.1  1558.8  1849.0  3381.6  5354.7  8102.4 140457.1   140348
read      618.7   711.5    93.8   182.4   210.5   319.9   395.1   579.4   964.5  1351.2  1559.3  1854.1  3453.9  7450.8  8409.9  88714.0    88725
read      600.7   674.2    86.8   181.4   208.5   314.5   388.1   577.1   929.5  1303.2  1520.6  1811.4  3281.4  5821.8  8108.0 134110.9   134088
read      575.7   669.4    93.8   178.9   203.5   305.5   391.3   601.8   846.1  1149.8  1425.7  1709.8  3107.6  7709.5  9471.5  66166.3    66126
read      530.2   592.8    86.8   173.6   194.4   297.6   399.4   570.3   735.5   960.9  1269.9  1579.1  2792.3  7508.8  8228.2  78242.3    78214
read      512.8   580.9    86.8   164.5   183.9   298.4   407.9   556.4   699.7   887.5  1169.3  1535.9  2661.2  7552.1  9352.4  55158.6    55191
read      478.4   493.5    86.8   151.5   171.8   304.1   402.2   517.4   631.1   782.4  1044.6  1482.0  2374.1  4061.8  8039.4  54063.9    54081
read      585.7   631.3    86.8   179.1   204.5   311.1   388.3   592.1   967.9  1309.6  1485.6  1721.0  2941.1  4990.0  8100.2 112362.4   112478
read      602.8   658.1    93.8   182.4   210.3   316.9   389.8   580.5   997.2  1345.5  1522.8  1768.3  3238.1  4829.2  8059.1 179723.4   179666
read      587.6   674.3    93.8   178.5   204.8   312.7   381.9   520.0   822.5  1256.7  1507.4  1795.0  3349.1  7073.6  8131.4 100812.0   100584
read      485.9   602.3    93.8   151.7   171.0   277.3   333.5   390.0   493.5   784.4  1273.0  1644.7  3058.3  5486.5  8100.4 128016.9   127920
read      434.1   861.2    93.8   133.8   147.5   230.4   289.1   340.3   400.7   520.5   750.7  1259.8  7002.5  8097.6 10214.8   6577.4     6594
read      248.5    88.2    86.8   132.5   146.1   244.7   281.2   300.3   314.0   330.2   350.2   382.6   453.8   565.8  2019.8  25112.1    25020
read      587.2   621.4    93.8   178.1   205.5   317.5   396.3   597.4   975.5  1316.8  1482.1  1689.0  2903.4  4676.1  8098.6 129586.4   129587
read      275.4   345.5    93.8   140.7   155.8   232.0   260.9   277.5   291.7   310.1   338.7   426.3  1312.6  7334.1  8090.4  10288.4    10277
read      604.2   632.4    86.8   183.8   212.4   322.1   401.6   640.8  1053.9  1357.9  1503.0  1709.6  3034.8  4653.6  8034.3 148368.0   148458
read      522.0   586.2    86.8   165.4   189.1   303.5   388.7   512.6   671.9   938.6  1307.0  1586.7  2797.4  7323.9  8920.9  66120.3    66114
read      260.0   111.0    86.8   127.5   139.2   255.0   305.1   329.9   346.3   365.5   388.7   422.8   492.3   651.5  2253.7  49123.9    49261
read      605.4   636.0    86.8   184.5   212.9   323.0   406.1   656.2  1054.4  1346.0  1495.1  1705.0  3068.2  4946.4  8071.0 133135.4   133049
read      578.2   648.6    86.8   176.7   202.6   317.0   403.3   592.0   844.1  1195.8  1456.2  1700.6  3125.3  6994.7  9292.5 106738.1   106628
read      286.4   262.8    86.8   136.1   150.2   249.1   287.0   308.9   325.2   346.7   385.0   510.1  1232.0  3258.4  7957.3  23535.1    23498
read      376.3   242.9    80.4   150.0   168.7   302.1   405.6   474.5   524.5   585.1   673.7   830.9  1201.5  1703.8  5674.4 103473.0   103564
read      599.7   626.3    86.8   184.9   212.8   322.1   409.2   655.2   991.1  1310.9  1487.7  1711.6  3038.4  4774.4  8089.7 162034.1   161774
read      425.4   513.2    86.8   145.6   165.9   275.3   335.1   389.8   459.4   608.9   884.6  1367.1  2321.1  7509.2  8981.2  39101.1    39037
read      604.2   643.0    86.8   183.9   212.1   322.5   403.1   636.3  1008.8  1335.6  1500.7  1720.2  3169.5  4967.0  8128.7 163529.4   163622
read      610.6   670.2    86.8   183.0   211.0   322.6   400.8   607.1   966.9  1331.7  1534.2  1816.7  3243.8  5118.2  8104.1 132412.1   132405
read      611.5   673.9    86.8   182.9   211.3   324.8   404.7   621.4   946.1  1306.5  1530.2  1820.2  3298.6  6002.9  8112.6 131726.6   131596
read      603.3   692.9    86.8   176.2   203.5   315.2   391.1   571.7   908.6  1301.4  1528.4  1829.3  3349.3  7328.4  8129.5  94174.4   174543
read     1508.5  2301.0   101.3   209.4   245.9   558.4  1055.8  1324.3  1482.5  1753.9  7047.2  7739.3  8097.3 10059.0 21057.2    939.4    90567

Total QPS = 93160.0 (93160032 / 1000.0s)

Total connections = 64
Misses = 0 (0.0%)
Skipped TXs = 0 (0.0%)

RX 23010528151 bytes :   21.9 MB/s
TX          0 bytes :    0.0 MB/s
Warning! Detected max cpu usage > 95%
CPU Usage Stats (avg/min/max): 99.84%,17.68%,100.00%
