Random waveform, supplied seed
Total number of intervals = 143 (8195, 158594, 149766, 10382, 170548, 150565, 137144, 143496, 144743, 116745, 129314, 144723, 117379, 119931, 132052, 143350, 143518, 172981, 94027, 170019, 179090, 47130, 19439, 128963, 23787, 61848, 101968, 108767, 97139, 158594, 141240, 41405, 57997, 133577, 53832, 139832, 170515, 128494, 20789, 63647, 64802, 55719, 174179, 106356, 178750, 105831, 110667, 8803, 45662, 30867, 45656, 100938, 132360, 67591, 33910, 85729, 12884, 45621, 36938, 56902, 102243, 14085, 94103, 58175, 151312, 83333, 165153, 123975, 28449, 14903, 31189, 40636, 80574, 168820, 162621, 101621, 58592, 153042, 112238, 160265, 57109, 88551, 8385, 34088, 113600, 131842, 112066, 72585, 133669, 11820, 12639, 118548, 165754, 86823, 16898, 123124, 72278, 47757, 60510, 25237, 97783, 118966, 16631, 11743, 115026, 122371, 7198, 25022, 157513, 171975, 154918, 139185, 152724, 20845, 140348, 88725, 134088, 66126, 78214, 55191, 54081, 112478, 179666, 100584, 127920, 6594, 25020, 129587, 10277, 148458, 66114, 49261, 133049, 106628, 23498, 103564, 161774, 39037, 163622, 132405, 131596, 174543, 90567)
Average QPS expected = 94260
Timestamp start: 1746897755445
Timestamp end: 1746898755752

#type       avg     std     min      p5     p10     p50     p67     p75     p80     p85     p90     p95     p99    p999   p9999      QPS   target
read      233.0    92.6    93.8   145.3   161.8   227.2   248.5   261.0   270.4   282.3   297.1   323.9   397.2  1096.4  3257.5   8151.3     8195
read      326.8   213.2    80.4   159.4   179.6   292.4   350.7   387.3   415.0   449.8   496.3   574.1   783.5  2924.2  7645.7 158200.9   158594
read      303.9   194.9    80.4   152.2   170.7   275.4   327.6   358.4   381.4   409.2   447.8   509.7   714.9  2898.4  6623.3 149582.1   149766
read      286.7   397.3    93.8   142.0   158.6   242.5   268.8   283.8   294.5   309.4   329.6   373.1  1609.5  6037.2  8135.4  10359.1    10382
read      462.0   502.3    86.8   206.8   238.0   352.6   406.9   445.4   477.2   523.8   600.8  1127.7  3254.2  5828.3  8126.1 170332.9   170548
read      362.8   198.1    86.8   194.0   218.4   326.0   384.9   423.3   453.7   491.9   544.2   633.0   839.2  2214.4  6399.2 150534.3   150565
read      307.6   182.5    80.4   151.4   170.4   279.7   332.7   364.1   388.1   417.9   459.2   530.8   748.8  2274.9  5983.5 137050.3   137144
read      326.0   252.0    86.8   153.1   172.5   283.0   337.5   370.6   396.4   429.0   475.1   565.5  1400.6  3322.6  7091.1 143593.9   143496
read      280.9   163.8    80.4   144.7   161.5   257.3   305.9   334.1   355.1   380.5   414.7   469.8   629.7  2224.8  6076.6 144434.4   144743
read      250.0   167.7    80.4   129.3   141.6   222.6   272.1   300.8   320.8   344.6   373.9   420.6   558.7  2688.0  5687.6 116645.1   116745
read      255.9   137.1    80.4   134.1   147.9   231.3   278.8   307.0   327.3   351.6   383.6   433.2   587.2  1590.0  4086.8 128959.4   129314
read      276.0   148.9    80.4   143.1   159.7   254.1   302.3   330.5   351.3   376.5   410.0   464.5   607.3  1593.9  4112.6 144783.3   144723
read      247.4   138.9    74.4   129.5   142.0   222.1   271.0   299.8   320.2   344.2   373.8   420.7   550.0  1596.4  3582.2 117395.3   117379
read      247.2   130.7    80.4   130.1   142.8   223.3   271.8   300.4   320.6   344.3   373.7   420.1   536.5  1556.4  3690.8 119910.7   119931
read      256.5   131.2    80.4   136.1   150.2   233.8   281.0   308.5   328.4   351.9   383.0   431.2   567.2  1358.5  3565.5 131889.4   132052
read      269.8   132.7    86.8   143.6   159.7   249.4   295.2   321.5   341.9   366.2   397.4   448.6   579.5  1360.3  3889.1 143371.3   143350
read      279.5   164.8    80.4   144.8   161.7   256.3   303.7   331.4   352.0   376.8   410.4   465.6   624.6  2311.8  5505.0 143583.0   143518
read      348.5   161.4    80.4   184.1   209.4   330.1   381.5   410.8   432.9   460.8   497.9   558.6   711.6  2020.2  4703.4 173114.3   172981
read      243.5   123.8    80.4   126.9   138.6   220.6   273.0   302.5   322.3   344.8   371.9   412.8   515.1  1182.0  3649.6  94043.6    94027
read      343.9   172.8    80.4   169.7   192.3   317.9   381.7   418.4   445.5   477.5   520.7   589.3   747.2  1512.2  5090.5 170113.3   170019
read      384.2   204.0    86.8   202.1   229.7   354.7   417.2   454.7   482.1   514.5   556.4   624.4   798.1  2822.1  6758.6 179112.4   179090
read      267.1   170.7    86.8   130.4   143.3   251.3   297.9   322.4   340.9   363.3   392.7   439.8   575.7  2290.6  7417.1  47127.6    47130
read      269.8   102.3    86.8   138.3   154.7   267.4   302.5   320.6   334.9   350.5   370.9   402.4   487.0  1044.1  3188.3  19356.6    19439
read      315.4   264.2    80.4   143.0   159.8   263.9   316.9   347.2   370.9   400.3   445.2   552.0  1574.8  2977.0  7031.8 128917.6   128963
read      269.6   108.8    86.8   135.5   150.3   265.8   303.6   323.5   338.5   355.8   377.1   412.8   498.4  1249.1  3109.6  23828.4    23787
read      254.8   127.2    80.4   126.4   137.8   240.2   295.3   320.4   338.0   358.1   383.4   425.4   536.7  1561.7  3325.7  61854.7    61848
read      248.9   137.1    80.4   129.0   141.1   223.3   276.0   306.5   327.4   351.1   380.1   424.0   546.0  1454.2  3454.5 101862.3   101968
read      248.3   125.4    80.4   130.2   142.6   224.6   275.8   305.8   326.5   350.0   378.9   421.9   526.7  1368.5  3919.7 108681.9   108767
read      247.7   126.9    74.4   128.1   139.9   223.4   277.8   308.3   329.2   352.8   381.7   424.7   536.4  1176.9  3536.4  97169.6    97139
read      347.5   165.3    86.8   173.6   196.4   319.7   383.8   421.5   449.5   482.6   525.7   590.9   757.1  1729.8  4311.5 158428.1   158594
read      285.2   124.0    80.4   149.9   167.5   267.3   315.0   342.5   363.4   388.1   420.5   470.7   601.4  1146.6  3271.9 141209.7   141240
read      264.7   230.6    86.8   128.3   140.4   259.2   304.1   326.8   342.7   362.0   386.3   424.1   507.7   853.6 16952.2  41291.6    41405
read      294.1   239.2    86.8   126.8   139.5   266.6   325.7   357.6   379.8   404.7   438.2   498.4   941.0  2928.4  7280.9  57719.4    57997
read      280.8   248.3    80.4   137.4   151.9   242.4   291.3   319.1   340.4   366.0   399.9   463.2  1187.3  3601.1  7317.5 133689.3   133577
read      287.5   300.4    80.4   125.5   137.2   252.8   305.0   332.1   351.7   375.2   407.6   466.9  1240.9  4699.8  8050.7  53928.1    53832
read      400.3   496.1    80.4   160.2   184.4   298.2   345.4   376.8   402.9   440.4   507.3  1113.1  3005.8  6144.1  8872.6 139954.7   139832
read      322.3   167.5    74.4   168.7   190.8   301.7   351.2   380.1   401.3   428.5   464.4   525.3   683.5  2104.1  5972.5 170775.4   170515
read      257.3   135.3    80.4   134.2   148.5   233.7   281.9   310.1   330.6   354.9   386.2   435.0   581.5  1537.8  3934.9 128417.6   128494
read      266.6   164.3    80.4   135.6   151.0   256.7   289.9   308.2   320.6   337.7   359.6   397.0   568.6  2327.6  6164.5  20885.3    20789
read      258.8   170.2    80.4   125.0   136.2   239.1   293.8   319.5   337.6   358.8   386.6   432.3   579.2  2352.1  4853.9  63650.6    63647
read      245.4   113.1    80.4   125.7   136.8   231.8   286.7   311.8   328.2   345.7   368.3   400.9   480.5   908.7  3094.7  64765.7    64802
read      246.6   101.8    86.8   126.4   137.7   240.0   289.7   311.7   326.1   342.2   363.1   394.6   468.1   849.0  2333.9  55769.6    55719
read      346.7   219.4    86.8   169.2   191.9   312.1   374.3   412.5   440.9   475.3   522.3   594.2   799.9  3216.9  7572.0 174127.6   174179
read      254.5   151.8    80.4   129.6   142.5   229.3   279.2   307.2   326.9   349.8   378.9   425.6   600.8  2021.4  4556.7 106297.9   106356
read      356.4   173.4    86.8   189.8   214.1   327.7   387.9   425.1   452.9   485.7   528.0   590.7   740.9  1958.4  5777.9 178806.6   178750
read      260.9   488.4    80.4   132.0   145.6   234.4   284.8   313.0   333.3   356.8   386.8   433.3   567.5  1384.9  9137.1 105772.6   105831
read      248.2   137.8    80.4   128.3   140.5   221.8   273.1   303.1   324.0   347.8   377.9   424.4   560.3  1718.7  3465.5 110596.1   110667
read      257.3   188.5    93.8   144.6   162.7   244.3   271.1   286.8   297.4   313.2   334.0   369.2   515.7  2029.4  8422.5   8756.6     8803
read      278.4   150.6    86.8   126.3   138.9   267.1   321.1   349.6   368.9   390.8   417.5   458.6   592.6  1799.1  3687.3  45555.0    45662
read      271.0   125.1    86.8   129.3   142.4   267.1   310.0   332.1   346.9   365.6   389.0   425.5   531.6  1552.5  2765.9  30964.7    30867
read      284.3   165.3    86.8   127.0   139.6   267.9   324.2   353.0   372.7   395.4   424.6   470.9   752.5  2207.0  3394.9  45774.0    45656
read      311.7   312.1    80.4   130.4   143.9   243.0   300.7   333.5   358.4   390.3   443.0   725.3  1591.2  3541.6  7655.0 100918.9   100938
read      261.0   152.0    80.4   136.0   150.5   236.0   283.8   311.7   332.3   357.0   389.0   438.4   591.9  1950.7  5006.3 132416.3   132360
read      243.6   112.1    80.4   123.5   134.5   227.8   284.3   310.3   327.2   345.7   369.2   402.9   489.2   969.3  3209.8  67715.7    67591
read      289.6   228.8    86.8   129.8   143.1   266.4   311.1   335.6   353.7   375.0   404.7   465.5  1086.8  2987.2  7784.5  33867.1    33910
read      262.1   196.8    80.4   124.9   136.6   229.4   289.5   320.4   342.2   367.4   400.3   460.3   682.2  2832.8  6150.8  85904.7    85729
read      253.7   127.4    86.8   140.0   157.4   249.2   276.6   292.1   303.4   316.8   335.5   365.4   442.5  1431.3  5109.1  12932.0    12884
read      275.1   150.1    86.8   125.4   137.6   263.3   317.4   345.2   364.8   386.9   414.3   456.9   580.9  1788.5  4138.8  45670.3    45621
read      269.6   119.2    86.8   127.7   140.1   264.5   312.5   337.0   353.9   372.3   396.6   432.3   525.9  1183.6  2505.6  36881.0    36938
read      283.7   154.8    86.8   125.5   138.1   265.8   326.3   358.5   380.6   405.2   436.2   487.0   701.3  1771.0  3153.2  57055.1    56902
read      261.2   183.4    80.4   126.5   138.6   223.4   278.2   309.6   331.7   357.8   392.6   462.2   960.2  2117.6  3724.8 102233.4   102243
read      250.9    98.6    86.8   138.9   155.7   247.2   275.4   291.8   303.5   317.1   335.9   365.7   446.5   946.3  3662.5  14177.1    14085
read      253.8   168.9    80.4   124.9   136.7   222.7   280.7   311.9   333.2   357.8   389.5   444.3   650.7  2249.8  5984.9  94142.1    94103
read      250.1   119.8    80.4   124.5   135.5   237.0   290.1   314.0   330.3   348.1   372.3   414.0   552.4  1206.1  2978.2  57960.0    58175
read      292.7   165.5    80.4   148.9   166.6   267.4   316.8   345.7   368.3   395.7   433.0   499.8   706.8  1961.7  4530.8 151428.7   151312
read      240.8   108.9    74.4   122.8   133.9   218.4   277.4   306.9   326.2   347.0   373.5   413.8   508.1   756.6  2732.6  83123.6    83333
read      313.9   146.8    80.4   161.9   182.4   291.8   343.6   373.9   397.2   425.5   463.0   526.2   688.3  1607.6  3592.9 165233.1   165153
read      251.2   128.0    80.4   131.1   144.4   227.7   275.6   304.2   324.3   348.2   379.3   428.2   568.8  1422.4  3601.4 123852.1   123975
read      267.3   241.9    86.8   130.2   143.4   261.3   300.5   320.5   335.7   352.6   373.7   408.7   505.2  1337.5 15076.5  28462.9    28449
read      258.3    99.2    93.8   139.7   156.4   255.1   285.5   302.0   314.0   328.6   347.0   380.3   468.6   892.0  3711.6  14883.6    14903
read      268.6   126.0    86.8   130.1   143.0   265.8   307.0   328.1   342.7   360.6   382.8   419.6   511.6  1476.8  4333.4  31121.7    31189
read      278.0   187.0    86.8   126.3   138.4   267.7   319.8   345.9   364.3   384.8   409.0   448.0   564.3  2071.7  8005.4  40777.4    40636
read      262.8   188.2    80.4   125.2   136.9   232.6   294.5   325.1   346.0   370.9   402.7   458.4   632.2  2793.4  6080.1  80733.9    80574
read      333.8   157.2    80.4   164.5   185.7   303.9   369.9   409.6   438.6   472.4   516.8   584.2   736.1  1431.3  3865.2 168807.0   168820
read      319.2   154.7    80.4   156.8   176.4   288.5   350.8   390.4   420.3   456.6   502.7   573.9   715.4  1237.5  4424.3 162534.9   162621
read      251.4   124.2    80.4   129.5   142.4   229.1   279.9   308.5   328.5   351.5   380.3   426.4   562.2  1369.4  3034.2 101507.1   101621
read      243.3   109.9    80.4   123.9   134.5   234.0   286.1   309.1   323.9   341.0   362.6   395.2   471.3   796.5  2721.9  58676.9    58592
read      293.1   164.1    80.4   150.0   168.0   270.5   320.1   349.3   371.4   398.1   433.2   491.7   638.8  2026.6  5831.6 153013.7   153042
read      241.7   122.0    80.4   127.0   138.9   217.4   268.1   297.6   318.5   342.2   371.0   414.1   518.7  1239.2  3114.2 112428.4   112238
read      315.5   154.2    74.4   155.2   175.6   292.4   349.7   383.3   407.6   437.3   476.4   540.3   690.9  1505.9  4351.4 160263.3   160265
read      245.0   106.2    80.4   124.6   135.6   235.2   287.4   310.6   325.8   342.9   365.1   398.8   487.9   863.9  2722.6  57242.0    57109
read      242.0   129.6    80.4   123.3   134.5   217.8   275.1   305.4   325.3   347.0   373.4   413.7   511.7  1172.1  3874.4  88460.6    88551
read      230.4    92.1    93.8   137.7   153.5   225.9   248.5   261.5   270.8   282.7   297.3   324.9   401.5  1021.6  3013.9   8318.7     8385
read      269.3   141.5    86.8   127.7   140.0   262.5   308.8   332.1   347.8   367.0   391.3   428.4   533.7  1749.8  3708.8  34070.9    34088
read      289.0   262.1    80.4   130.3   143.5   235.1   289.4   318.7   340.4   366.8   402.6   490.7  1554.6  2743.5  7185.2 113242.7   113600
read      262.1   140.3    80.4   136.2   150.4   236.7   285.1   313.3   334.3   359.6   392.6   447.5   624.6  1828.4  3385.1 131625.7   131842
read      250.5   147.0    80.4   129.9   142.4   224.3   274.4   303.9   324.5   348.1   378.3   426.3   575.2  1731.4  3865.4 112100.4   112066
read      242.6   124.8    80.4   123.2   134.1   223.6   280.5   307.4   324.8   344.2   368.9   406.7   503.8   985.6  3480.4  72460.0    72585
read      258.1   122.4    80.4   137.2   151.2   236.0   283.2   310.6   330.7   354.8   386.1   434.3   570.8  1353.8  3234.5 133672.1   133669
read      240.3   164.7    86.8   137.9   153.7   231.9   257.0   270.9   281.4   293.6   310.9   338.4   426.2  2331.4  7812.4  11788.1    11820
read      241.2    93.1    93.8   137.4   153.8   237.4   263.4   277.1   288.2   300.3   317.4   345.2   422.3  1043.7  2421.7  12559.3    12639
read      309.3   298.4    80.4   134.2   148.8   248.1   301.8   331.7   354.0   382.3   425.4   558.4  1634.0  3275.1  7453.2 118407.4   118548
read      329.9   161.0    86.8   162.8   183.4   301.3   364.4   402.1   430.6   464.4   507.4   576.4   728.5  1646.8  4039.9 165783.4   165754
read      245.5   138.8    80.4   125.0   136.5   221.1   276.8   306.5   326.2   348.0   374.8   417.5   537.3  1523.5  4258.9  86892.1    86823
read      252.5   117.4    86.8   137.2   152.5   248.5   278.8   294.8   307.2   320.4   340.2   370.9   451.9  1310.8  3183.9  16867.4    16898
read      319.8   320.5    80.4   135.1   150.3   252.3   305.4   335.4   358.8   389.5   437.0   626.4  1676.2  3419.5  7657.3 122774.7   123124
read      240.6   107.8    86.8   122.8   133.6   222.8   280.4   307.5   324.9   344.2   368.1   402.4   489.8   767.8  2660.9  72333.6    72278
read      271.1   127.5    86.8   126.0   138.1   260.7   313.6   341.2   361.1   383.7   411.6   454.8   576.3  1245.6  2246.3  47731.9    47757
read      256.3   153.3    86.8   124.7   136.0   240.1   294.2   319.4   337.4   358.2   385.2   429.6   548.7  2095.0  5551.5  60488.0    60510
read      262.1   115.9    93.8   131.5   145.2   259.1   296.3   315.9   330.1   345.7   367.7   400.3   489.7  1327.7  3690.3  25302.4    25237
read      262.0   173.9    80.4   126.5   138.4   225.7   282.3   313.8   335.8   361.8   396.5   467.3   923.3  1866.2  4122.0  97568.7    97783
read      249.3   119.3    86.8   131.1   144.0   226.3   275.0   303.7   324.1   348.0   378.0   424.6   542.3  1315.0  2864.1 118841.4   118966
read      254.5   122.8    86.8   137.9   153.4   249.1   279.0   295.1   307.6   320.9   341.0   372.3   460.9  1684.9  3646.0  16662.1    16631
read      252.9   262.5    93.8   140.1   156.9   241.6   269.3   285.0   296.0   311.0   330.1   362.5   445.2  1537.7 12511.0  11758.3    11743
read      293.9   271.4    80.4   131.2   145.0   239.6   294.2   324.0   345.5   372.2   410.1   503.3  1592.4  3137.5  6928.7 114901.0   115026
read      257.6   146.4    80.4   132.8   146.5   231.7   280.7   309.3   329.9   354.3   385.8   433.8   608.7  1806.5  3854.0 122352.0   122371
read      243.9   115.9   101.3   146.3   163.7   236.8   261.7   274.6   285.7   297.1   315.5   344.9   426.9  1083.4  5527.9   7182.9     7198
read      256.9    93.4    86.8   135.1   149.1   258.3   290.6   307.9   319.6   335.0   353.7   383.8   451.0   566.5  2786.8  25006.6    25022
read      579.2   591.4    86.8   187.8   213.3   312.8   397.4   643.7   975.7  1287.1  1448.1  1639.1  2730.9  4498.8  8122.2 157375.3   157513
read      590.7   639.9    86.8   186.8   212.3   312.4   391.2   599.3   915.7  1268.3  1486.4  1744.3  3177.3  4535.1  8041.5 172028.0   171975
read      595.3   661.5    86.8   187.1   212.1   311.9   390.4   588.3   899.5  1249.4  1503.5  1793.2  3311.1  4917.0  8062.0 154943.6   154918
read      593.4   665.2    86.8   185.8   210.9   310.6   387.2   583.6   903.5  1251.3  1494.3  1774.7  3291.7  5468.9  8106.5 139159.3   139185
read      595.3   664.3    86.8   186.1   211.7   311.9   389.0   586.4   901.1  1252.8  1503.5  1793.0  3320.7  4792.1  8105.3 152685.1   152724
read      636.4   838.9    93.8   186.5   212.1   314.2   402.0   639.2   964.9  1285.6  1508.3  1830.3  3710.4  8049.8 10098.8  20958.3    20845
read      593.2   660.3    86.8   185.9   211.4   311.7   392.8   598.3   903.2  1237.4  1486.1  1766.7  3273.6  5468.3  8720.2 140415.7   140348
read      584.5   650.7    86.8   186.7   211.0   310.0   404.3   622.8   862.8  1161.2  1447.5  1736.9  3147.8  7238.9  9179.8  88813.7    88725
read      559.9   594.8    86.8   183.5   206.8   308.9   423.3   622.9   799.8  1055.7  1362.2  1664.4  2885.6  5090.5  8096.4 133968.9   134088
read      507.8   526.9    86.8   180.7   202.5   315.7   458.4   574.0   665.5   802.2  1054.2  1456.7  2514.3  7331.3  8128.4  66059.0    66126
read      461.8   487.2    86.8   174.5   194.8   305.3   414.2   501.4   569.3   664.3   873.0  1336.3  2349.3  7219.4  8969.0  78114.6    78214
read      369.0   253.2    80.4   155.4   176.4   302.5   395.6   457.1   500.3   550.1   617.9   743.6  1217.8  2330.0  7628.0  55249.0    55191
read      296.8   172.1    80.4   133.9   149.7   266.9   329.3   366.7   394.3   427.3   469.3   538.8   731.0  1685.6  4765.8  54098.0    54081
read      516.8   482.2    86.8   173.9   195.6   301.5   421.5   632.8   801.8  1010.1  1252.4  1473.2  2124.4  3427.7  7904.7 112606.1   112478
read      581.9   609.5    86.8   187.8   212.6   310.5   391.1   622.3   953.1  1276.3  1457.5  1674.1  3009.5  4445.0  8007.6 179523.3   179666
read      594.9   657.6    86.8   187.3   212.4   315.2   405.8   624.7   897.8  1204.8  1470.2  1762.6  3203.6  7009.2  8125.7 100552.7   100584
read      513.4   585.2    80.4   168.9   193.1   295.6   369.4   475.0   624.3   887.9  1262.1  1595.2  2978.4  5135.0  8114.7 127757.4   127920
read      353.6   670.4    86.8   132.8   146.2   224.2   269.2   304.9   341.5   403.3   526.0   859.8  2389.6  8040.1  9943.6   6613.4     6594
read      257.2    99.2    93.8   135.0   148.9   259.4   291.1   308.1   319.4   334.5   352.6   381.6   444.3   568.8  4807.1  25060.6    25020
read      554.9   567.3    86.8   182.9   207.7   307.3   387.0   583.9   874.5  1225.9  1415.3  1592.1  2621.5  4193.3  8040.5 129650.7   129587
read      259.5   203.9    86.8   141.2   157.3   241.1   269.3   286.0   297.8   314.5   337.5   387.4   731.4  2129.9  7898.7  10265.4    10277
read      577.9   592.7    86.8   188.2   213.2   309.9   392.0   628.3   971.6  1288.5  1452.0  1643.3  2805.6  4302.0  8032.7 148350.0   148458
read      419.6   428.9    86.8   148.7   172.0   290.9   368.7   437.3   504.9   602.8   779.1  1247.0  1924.1  4084.1  8088.6  66067.0    66114
read      258.5   103.4    80.4   127.1   139.0   255.4   304.7   328.3   344.0   362.7   385.1   418.0   483.2   590.5  2118.0  49305.0    49261
read      579.7   597.8    86.8   187.8   213.1   311.2   394.0   640.9   983.2  1291.0  1450.8  1640.3  2729.7  4576.5  8165.3 133023.3   133049
read      537.9   589.0    86.8   180.5   204.1   301.7   376.8   500.0   701.5  1051.2  1381.8  1641.2  2832.0  5471.8  8118.4 106801.4   106628
read      259.6   108.2    86.8   135.0   149.4   255.6   289.6   308.0   320.6   337.9   360.7   400.4   523.8   924.3  4131.5  23498.3    23498
read      320.3   167.1    80.4   141.5   158.4   283.1   361.6   408.1   440.2   476.3   523.5   600.9   817.6  1302.2  3121.3 103654.6   103564
read      576.7   594.1    86.8   187.6   212.5   311.0   394.9   624.3   945.7  1272.0  1447.9  1649.8  2831.5  4374.0  8024.5 162026.3   161774
read      370.8   425.2    80.4   142.8   163.5   273.9   330.2   370.5   408.0   470.4   588.9   975.1  1805.1  7280.1  9611.6  39081.6    39037
read      579.4   599.5    80.4   187.3   213.1   309.9   389.2   628.0   981.7  1296.9  1455.2  1645.8  2864.0  4334.4  8084.0 163748.6   163622
read      592.4   652.2    86.8   186.9   212.7   311.3   389.2   594.4   924.6  1273.4  1489.9  1744.9  3225.2  5305.2  8095.6 132706.0   132405
read      596.9   673.2    86.8   186.2   212.6   312.6   393.1   598.2   896.2  1244.6  1502.0  1792.8  3306.7  5998.1  8790.1 131430.1   131596
read      580.0   663.9    86.8   177.5   203.5   302.1   374.6   560.6   852.3  1202.3  1477.0  1769.0  3257.9  6995.4  8115.4 110274.9   174543
read      860.0  1528.3    86.8   155.6   180.1   300.7   525.0   866.6  1107.8  1345.4  1579.9  3135.0  7929.6  9393.7 10213.6   2467.1    90567

Total QPS = 93271.8 (93271808 / 1000.0s)

Total connections = 64
Misses = 0 (0.0%)
Skipped TXs = 0 (0.0%)

RX 23038136576 bytes :   22.0 MB/s
TX          0 bytes :    0.0 MB/s
Warning! Detected max cpu usage > 95%
CPU Usage Stats (avg/min/max): 99.84%,17.59%,100.00%
