#type       avg     std     min      p5     p10     p50     p67     p75     p80     p85     p90     p95     p99    p999   p9999      QPS   target       ts_start         ts_end
read      230.9   116.0    80.4   124.2   139.7   220.0   245.2   259.2   269.4   282.4   300.8   336.2  1038.8  1171.8  1554.2   5046.2     5000  1744822324820  1744822329838
read      245.5    82.1    86.8   138.8   157.2   242.8   269.3   283.7   293.9   307.7   324.4   349.5   414.9  1111.6  1440.7  10034.4    10000  1744822331352  1744822336370
read      251.7    80.7    80.4   136.8   155.0   250.7   281.1   296.9   310.4   325.0   343.1   369.8   428.2  1031.6  2099.7  15058.8    15000  1744822337880  1744822342894
read      263.1    81.9    80.4   137.3   155.8   263.9   297.8   317.4   330.9   345.0   364.4   392.7   448.4   544.1  1617.5  19973.8    20000  1744822344406  1744822349420
read      257.7   122.0    74.4   127.9   145.1   256.9   295.3   316.7   331.1   346.0   366.7   396.6   457.8   587.7  1798.3  25018.4    25000  1744822350930  1744822355944
read      263.5    98.9    74.4   125.3   142.7   262.3   305.2   328.4   343.4   360.9   381.5   412.4   473.3   616.2  2563.1  30113.8    30000  1744822357455  1744822362469
read      255.4    98.2    74.4   121.3   136.9   251.3   297.0   322.0   338.3   356.5   377.6   409.5   474.3   644.3  2227.1  35068.2    35000  1744822363981  1744822368995
read      253.3   130.3    63.8   116.4   131.3   247.6   295.4   322.1   339.6   359.0   381.8   414.8   476.1   601.4  7595.7  40029.1    40000  1744822370507  1744822375521
read      247.3   104.1    68.9   114.4   128.4   237.7   289.7   317.0   336.2   357.1   381.0   414.7   478.1   622.7  1519.4  44885.8    45000  1744822377033  1744822382047
read      248.7   101.6    68.9   112.5   125.9   237.9   293.1   322.2   342.0   363.7   389.3   425.3   493.9   626.1   840.3  50165.2    50000  1744822383559  1744822388573
read      237.6   109.5    68.9   109.6   121.3   222.6   277.9   306.5   326.9   349.0   374.8   412.3   486.7   649.4  1729.4  54675.6    55000  1744822390083  1744822395097
read      235.7   125.3    68.9   106.5   117.7   219.9   276.4   305.5   326.2   348.5   374.8   413.8   492.9   681.2  1659.3  60067.0    60000  1744822396607  1744822401621
read      238.9   110.1    68.9   108.5   119.3   217.6   277.9   310.5   333.5   358.8   388.7   431.1   521.3   712.0  1673.8  64958.8    65000  1744822403131  1744822408145
read      232.4   112.1    63.8   105.2   116.0   210.8   270.3   302.8   326.7   351.9   381.1   421.3   496.3   639.5  2570.8  69854.8    70000  1744822409656  1744822414670
read      233.1   174.7    68.9   107.1   117.6   207.1   266.0   299.3   324.7   351.4   381.5   423.0   499.8   784.6 10855.5  74901.1    75000  1744822416180  1744822421194
read      234.3   108.8    68.9   108.2   119.0   207.5   268.6   304.4   330.5   359.0   391.0   433.3   511.8   685.7  1460.1  80011.2    80000  1744822422704  1744822427718
read      230.9   106.5    68.9   105.9   116.5   205.3   265.8   301.2   327.4   354.8   386.3   428.4   501.9   610.4   934.5  84853.2    85000  1744822429228  1744822434241
read      230.1   112.1    68.9   107.4   117.9   202.2   260.7   296.2   323.6   353.0   386.1   429.7   505.7   665.7  2378.7  89937.5    90000  1744822435755  1744822440769
read      228.9   113.2    68.9   108.3   118.8   200.3   257.5   293.5   320.8   351.0   384.6   428.3   505.4   638.3  2788.0  94774.4    95000  1744822442279  1744822447293
read      233.8   109.1    68.9   108.6   119.6   205.5   264.6   302.4   330.6   360.5   393.2   436.4   521.3   644.3  1576.6 100060.2   100000  1744822448802  1744822453817
read      239.5   124.6    68.9   110.7   122.0   207.2   265.6   305.3   335.2   367.3   402.9   456.5   585.2   911.6  2046.0 104990.6   105000  1744822455326  1744822460341
read      238.4   112.1    68.9   112.1   124.1   209.8   266.7   304.5   333.2   363.7   397.4   443.3   536.9   737.0  2107.7 110163.6   110000  1744822461852  1744822466866
read      231.7   108.7    68.9   110.2   121.5   203.3   258.1   295.1   323.9   354.7   388.6   432.4   514.8   670.2  1632.9 115024.0   115000  1744822468378  1744822473392
read      248.9   121.5    68.9   117.5   130.7   218.2   275.3   316.1   346.2   378.8   415.4   464.5   560.6   774.1  2973.6 119731.3   120000  1744822474904  1744822479918
read      242.6   112.2    74.4   117.4   130.6   212.9   266.0   304.0   334.0   367.1   403.2   453.1   545.5   735.0  1574.0 125016.4   125000  1744822481429  1744822486443
read      293.9   216.0    74.4   126.8   141.6   235.9   308.4   362.9   400.4   443.1   498.8   608.7   993.8  1663.3  5973.3 130083.1   130000  1744822487954  1744822492970
read      285.9   163.2    68.9   126.7   141.7   238.5   308.8   359.4   395.4   434.9   483.8   569.2   841.4  1336.9  2805.2 135076.6   135000  1744822494481  1744822499495
read      311.2   182.8    68.9   132.4   149.1   260.0   342.1   394.0   430.4   472.1   529.6   631.0   920.2  1479.3  4191.3 140091.7   140000  1744822501005  1744822506019
read      399.4   370.9    68.9   143.3   158.4   232.6   307.2   461.6   591.5   745.0   943.3  1262.6  1670.4  2600.4  4129.5 144102.6   145000  1744822507531  1744822512545
read      476.7   533.2    74.4   162.9   179.4   250.4   296.7   370.9   637.7  1006.1  1327.2  1515.9  2697.3  3987.4  4746.1 135000.9   150000  1744822514059  1744822519074
read      444.7   484.7    74.4   155.6   172.2   238.6   284.2   373.0   598.3   871.7  1225.0  1446.4  2511.5  3529.3  4725.6 143366.3   155000  1744822520589  1744822525603
read      435.4   520.7    80.4   156.6   170.2   226.5   261.5   307.0   474.6   836.3  1251.8  1475.0  2713.6  3902.5  5481.5 147755.6   160000  1744822527118  1744822532132
read      455.3   422.6    74.4   153.0   171.1   259.4   426.7   583.4   679.3   814.0  1008.2  1334.6  2092.6  3251.6  4126.4 139863.2   165000  1744822533647  1744822538661
read      444.3   552.7    74.4   155.5   168.9   227.7   263.7   302.9   436.6   874.6  1291.9  1490.3  3008.1  4285.7  6119.7 145323.0   170000  1744822540176  1744822545190
read      472.7   512.1    80.4   163.3   178.4   256.9   319.8   452.0   664.5   902.6  1244.6  1486.3  2566.0  3856.4  5852.7 136646.1   175000  1744822546701  1744822551715
read      487.7   580.3    74.4   165.3   182.0   248.7   292.8   355.9   597.3  1089.8  1360.6  1556.2  3019.0  4295.7  6404.9 132675.1   180000  1744822553228  1744822558242
read      459.5   576.6    74.4   163.1   177.3   234.3   268.2   303.4   421.2   934.4  1328.5  1531.4  3030.1  4299.8  5767.3 140799.6   185000  1744822559751  1744822564765
read      463.0   553.7    74.4   155.5   171.9   243.1   284.2   331.7   521.1   905.8  1309.4  1533.9  2882.3  4229.8  5465.9 139702.0   190000  1744822566278  1744822571292
read      442.9   476.7    74.4   151.8   166.9   245.9   328.1   472.5   624.0   790.9  1035.2  1392.7  2541.2  3490.8  4740.4 145789.5   195000  1744822572802  1744822577817
read      486.7   570.6    74.4   162.7   178.4   249.6   298.7   369.6   588.3  1056.6  1356.4  1567.7  2956.0  4313.3  5938.6 132975.5   200000  1744822579328  1744822584342
read      468.4   570.8    74.4   158.1   175.0   244.2   287.0   338.7   519.4   907.9  1309.6  1528.3  3052.6  4392.1  5524.1 138115.4   205000  1744822585856  1744822590870
read      464.5   565.6    74.4   161.0   176.2   239.8   280.0   330.9   523.2   912.5  1304.3  1510.2  3051.5  4379.5  5466.2 139357.9   210000  1744822592380  1744822597394
read      465.8   591.7    74.4   162.8   178.2   239.3   273.6   311.1   414.8   876.2  1319.0  1559.3  3199.7  4705.3  5528.1 139008.6   215000  1744822598910  1744822603924
read      464.8   535.1    74.4   157.5   172.4   244.7   303.9   392.4   609.0   898.0  1265.3  1496.1  2773.2  4260.8  6029.8 139066.0   220000  1744822605436  1744822610450
Warning! Detected max cpu usage > 95%
CPU Usage Stats (avg/min/max): 51.38%,0.50%,100.00%
