#type       avg     std     min      p5     p10     p50     p67     p75     p80     p85     p90     p95     p99    p999   p9999      QPS   target       ts_start         ts_end
read      242.0   114.6   101.3   151.3   167.7   230.1   248.6   258.8   266.6   274.5   288.2   310.9  1020.8  1212.2  1713.9   5000.0     5000  1744995988830  1744995993854
read      249.1    83.4    74.4   151.2   172.4   246.5   266.2   275.6   284.5   293.3   306.8   328.1   400.4  1090.4  1413.4  10037.0    10000  1744995995366  1744996000383
read      251.7    84.0    93.8   148.5   168.6   251.8   273.2   285.9   294.3   305.6   318.6   341.0   392.8  1082.5  2704.2  15083.8    15000  1744996001897  1744996006910
read      253.1    73.0    86.8   143.6   161.9   256.8   281.7   294.2   303.9   314.8   329.0   349.3   398.5   697.7  1959.6  20046.4    20000  1744996008422  1744996013436
read      259.8    74.4    86.8   143.4   161.0   263.8   291.9   306.7   316.7   329.1   343.6   368.0   415.2   533.6  2051.0  24954.2    25000  1744996014948  1744996019962
read      261.3    85.7    80.4   141.0   157.3   265.1   296.7   312.5   322.7   336.0   351.1   374.2   427.8   611.7  2668.2  30039.0    30000  1744996021476  1744996026489
read      257.9    78.1    86.8   139.6   154.7   260.5   295.1   312.2   323.5   337.3   353.9   379.2   430.6   507.6  1224.7  34952.6    35000  1744996028001  1744996033015
read      256.8    88.2    86.8   138.0   152.1   257.1   294.3   313.3   326.2   340.5   358.8   385.3   435.2   546.5  2689.2  39939.0    40000  1744996034527  1744996039542
read      257.5   116.1    86.8   133.4   147.9   256.5   297.8   317.3   331.0   345.4   365.5   393.9   452.7   572.2  5200.8  44950.0    45000  1744996041054  1744996046068
read      254.3    88.7    80.4   131.5   145.1   252.1   297.4   318.2   332.3   346.8   366.9   395.0   450.6   537.3   940.4  50172.8    50000  1744996047579  1744996052593
read      253.6   126.1    80.4   128.3   141.7   246.3   296.1   318.4   333.5   349.7   370.9   401.3   464.9   593.0  5574.0  55061.9    55000  1744996054105  1744996059121
read      255.7   115.3    80.4   127.8   141.6   246.7   298.3   322.0   338.1   356.4   378.7   412.0   483.0   658.9  2725.3  60033.1    60000  1744996060631  1744996065644
read      250.8   101.4    74.4   126.6   139.8   239.1   293.3   319.0   336.1   354.8   376.8   409.2   474.2   618.7  1658.0  64821.0    65000  1744996067157  1744996072170
read      248.5   104.8    80.4   123.5   136.7   234.7   290.3   317.5   334.9   353.9   377.1   411.4   482.0   620.9  1962.2  69932.4    70000  1744996073685  1744996078698
read      248.6   109.0    80.4   125.9   139.1   232.0   286.7   314.4   332.5   352.5   377.0   412.9   491.5   703.6  3174.7  74799.0    75000  1744996080211  1744996085224
read      242.8    97.1    80.4   124.8   137.5   225.3   278.5   307.7   326.7   346.7   371.6   405.7   476.5   622.8  1441.7  79997.2    80000  1744996086737  1744996091750
read      245.9   132.7    80.4   124.2   137.5   226.3   279.2   308.6   328.0   348.9   375.0   414.5   500.3   778.9  5102.8  85105.1    85000  1744996093262  1744996098276
read      244.5   106.5    80.4   124.2   137.3   225.7   278.7   308.1   327.7   348.8   375.1   414.3   498.0   715.7  2840.2  90255.1    90000  1744996099790  1744996104804
read      243.3    96.9    80.4   125.2   138.4   223.4   275.3   305.7   325.9   347.8   374.6   415.0   499.9   697.0  1612.3  94911.3    95000  1744996106318  1744996111332
read      248.2   117.0    80.4   127.4   140.6   227.9   279.2   308.6   328.7   351.1   378.6   420.0   513.7   918.7  3772.1  99804.9   100000  1744996112844  1744996117858
read      246.0   100.9    80.4   128.8   142.0   225.7   274.9   304.3   324.7   347.7   376.7   420.2   512.9   779.5  1699.6 104886.1   105000  1744996119370  1744996124384
read      258.6   113.6    80.4   131.1   145.6   237.1   289.4   318.1   338.8   363.3   394.3   444.4   600.8   862.1  1560.2 110084.1   110000  1744996125897  1744996130911
read      269.4   128.2    80.4   133.1   148.7   245.9   299.3   329.2   350.5   376.1   409.7   468.9   679.7   977.6  2762.3 115022.2   115000  1744996132422  1744996137436
read      269.6   115.9    80.4   138.4   153.9   249.1   298.8   327.4   347.9   372.6   404.3   460.5   634.5   894.0  1747.5 119877.5   120000  1744996138949  1744996143962
read      269.2   114.2    80.4   138.7   154.6   250.0   298.9   326.4   346.1   370.5   401.4   454.2   619.2   938.8  2342.5 124754.7   125000  1744996145474  1744996150488
read      298.0   155.7    74.4   146.4   164.6   273.2   326.1   356.6   379.4   407.6   448.7   524.8   781.9  1097.6  4559.0 129887.5   130000  1744996152000  1744996157014
read      331.1   164.1    80.4   149.0   168.7   296.3   360.8   402.1   438.2   488.7   555.0   643.0   802.0  1129.0  2998.4 134679.6   135000  1744996158526  1744996163541
read      324.8   141.1    86.8   165.0   187.5   304.8   357.5   388.8   412.1   441.3   481.3   547.1   716.1  1065.5  4239.6 140327.9   140000  1744996165053  1744996170067
read      420.5   181.7    86.8   207.2   239.1   384.9   470.5   521.5   555.9   593.8   640.8   712.7   930.4  1243.2  4436.0 140041.2   145000  1744996171581  1744996176595
read      379.9   143.4    86.8   192.1   220.6   357.3   427.1   466.4   494.8   527.4   567.8   628.8   782.8  1016.9  2014.1 148205.7   150000  1744996178109  1744996183123
read      405.2   183.1    86.8   190.1   220.7   365.3   430.8   482.4   533.6   598.6   669.1   749.1   908.4  1241.7  2928.6 142050.1   155000  1744996184636  1744996189649
read      434.6   176.6    86.8   222.5   254.0   403.6   480.2   528.0   563.8   606.7   659.7   733.3   885.2  1272.7  4686.3 145569.1   160000  1744996191161  1744996196175
read      445.0   165.3    93.8   234.7   262.5   421.4   512.0   553.5   581.9   614.2   653.5   718.1   890.1  1205.1  2502.4 144667.3   165000  1744996197689  1744996202702
read      468.3   189.0    86.8   250.9   280.4   427.6   534.7   588.7   622.8   659.6   702.5   767.0   922.8  1259.0  4290.5 137781.2   170000  1744996204215  1744996209228
read      446.6   190.8    93.8   229.9   260.2   416.3   500.8   547.7   581.9   621.3   670.6   741.7   917.5  1244.7  4624.6 143819.3   175000  1744996210741  1744996215754
read      449.7   167.6    93.8   241.2   269.4   416.4   520.6   567.7   597.3   629.4   668.6   726.1   858.1  1140.9  3200.9 143396.2   180000  1744996217266  1744996222280
read      456.0   183.1    93.8   231.1   263.0   423.2   505.1   556.4   594.6   640.3   696.6   779.1   950.7  1296.1  3242.5 141361.0   185000  1744996223794  1744996228808
read      443.9   169.3    93.8   231.2   260.8   414.4   500.5   547.7   582.5   622.0   670.3   738.6   873.3  1110.6  2950.8 145292.5   190000  1744996230320  1744996235334
read      445.2   163.5    86.8   239.4   266.9   416.5   516.1   560.1   588.5   620.4   658.1   714.2   844.0  1063.7  2741.2 144872.7   195000  1744996236846  1744996241860
read      449.5   175.8    93.8   236.0   264.1   422.5   516.8   560.9   589.6   623.3   665.2   729.8   898.4  1241.5  3155.8 143482.5   200000  1744996243371  1744996248385
read      443.7   176.9    93.8   223.3   256.1   413.7   490.7   539.5   577.1   621.5   675.4   747.8   915.6  1237.6  3238.2 145344.4   205000  1744996249897  1744996254911
read      451.7   168.5    86.8   238.1   266.7   423.8   517.6   562.8   592.2   626.8   669.7   735.2   900.9  1330.7  2669.5 142846.4   210000  1744996256423  1744996261437
read      439.4   168.9    93.8   231.3   259.0   414.4   505.7   548.4   577.6   610.0   648.9   711.1   851.0  1137.0  4302.2 146760.7   215000  1744996262949  1744996267963
read      460.7   173.4    86.8   246.7   275.8   425.6   533.2   582.3   613.2   645.3   685.0   743.0   885.7  1188.4  3592.9 140104.1   220000  1744996269477  1744996274491
Warning! Detected max cpu usage > 95%
CPU Usage Stats (avg/min/max): 51.38%,0.00%,100.00%
