Random waveform, supplied seed
Total number of intervals = 143 (8195, 158594, 149766, 10382, 170548, 150565, 137144, 143496, 144743, 116745, 129314, 144723, 117379, 119931, 132052, 143350, 143518, 172981, 94027, 170019, 179090, 47130, 19439, 128963, 23787, 61848, 101968, 108767, 97139, 158594, 141240, 41405, 57997, 133577, 53832, 139832, 170515, 128494, 20789, 63647, 64802, 55719, 174179, 106356, 178750, 105831, 110667, 8803, 45662, 30867, 45656, 100938, 132360, 67591, 33910, 85729, 12884, 45621, 36938, 56902, 102243, 14085, 94103, 58175, 151312, 83333, 165153, 123975, 28449, 14903, 31189, 40636, 80574, 168820, 162621, 101621, 58592, 153042, 112238, 160265, 57109, 88551, 8385, 34088, 113600, 131842, 112066, 72585, 133669, 11820, 12639, 118548, 165754, 86823, 16898, 123124, 72278, 47757, 60510, 25237, 97783, 118966, 16631, 11743, 115026, 122371, 7198, 25022, 157513, 171975, 154918, 139185, 152724, 20845, 140348, 88725, 134088, 66126, 78214, 55191, 54081, 112478, 179666, 100584, 127920, 6594, 25020, 129587, 10277, 148458, 66114, 49261, 133049, 106628, 23498, 103564, 161774, 39037, 163622, 132405, 131596, 174543, 90567)
Average QPS expected = 94260
Timestamp start: 1746384611337
Timestamp end: 1746386411620

#type       avg     std     min      p5     p10     p50     p67     p75     p80     p85     p90     p95     p99    p999   p9999      QPS   target
read      212.3    70.5    68.9   119.9   136.4   213.1   230.6   240.2   247.7   255.5   268.8   289.4   347.7   978.0  2362.4   8151.8     8195
read      280.7   199.0    80.4   138.0   154.4   247.9   296.6   326.9   349.7   378.3   417.9   486.8   730.4  2774.4  6721.5 158668.2   158594
read      323.7   195.9    74.4   140.1   158.5   281.7   357.8   409.6   449.0   492.3   542.3   613.7   757.8  2419.8  5496.2 149885.6   149766
read      219.3   135.7    68.9   119.7   135.8   213.7   233.5   245.3   253.1   264.4   277.6   303.8   411.0  1965.9  5240.1  10376.0    10382
read      440.5   394.2    86.8   195.3   227.1   354.7   417.8   463.2   501.3   549.5   624.4   988.0  1741.9  5082.4  8871.6 170140.0   170548
read      360.2   255.1    80.4   168.8   194.8   325.8   385.0   423.3   454.3   494.1   546.6   627.0   796.8  4451.2  7657.5 150675.0   150565
read      356.2   262.5    68.9   150.5   174.2   305.4   377.3   426.8   465.5   514.0   579.5   681.4   945.8  3770.9  7340.2 137345.6   137144
read      290.2   174.4    74.4   134.4   151.8   259.7   318.5   355.1   382.4   415.3   459.1   530.1   691.6  2174.4  4365.2 143519.2   143496
read      270.3   174.2    74.4   132.1   148.0   240.3   291.5   322.5   346.0   374.2   411.5   469.9   634.0  2669.7  4166.0 144723.8   144743
read      255.0   209.5    74.4   121.9   134.7   215.9   264.7   293.7   316.3   343.7   379.2   436.6  1179.3  2805.7  5085.2 116692.8   116745
read      241.2   124.9    68.9   124.4   138.0   217.2   262.8   290.8   312.4   338.3   370.8   420.0   541.3  1350.5  3416.9 129138.8   129314
read      337.4   290.0    74.4   136.6   154.3   276.6   346.9   395.1   435.0   488.8   559.9   671.7  1466.6  3486.7  7979.3 144468.6   144723
read      240.1   145.8    68.9   120.7   133.5   213.5   262.0   291.2   313.7   340.8   374.7   426.5   552.2  1451.7  4209.9 117367.8   117379
read      235.3   162.7    68.9   120.4   132.8   208.8   253.7   281.1   302.0   327.8   360.2   405.1   517.3  2360.4  6674.0 120115.2   119931
read      247.2   148.0    74.4   124.5   138.4   221.1   268.6   297.6   320.0   346.5   381.3   433.7   569.8  1650.5  6278.1 132058.2   132052
read      293.4   160.7    74.4   132.0   148.3   255.1   321.0   363.0   395.8   437.2   495.2   580.5   736.3  1240.0  3136.8 143415.8   143350
read      261.5   141.7    68.9   130.2   145.4   235.3   285.2   315.5   338.5   366.3   401.4   459.9   616.1  1629.2  3716.2 143786.0   143518
read      350.3   198.1    74.4   152.7   174.9   306.0   373.3   425.6   471.4   533.1   603.1   689.0   842.4  1497.4  3761.0 172961.4   172981
read      243.2   138.5    74.4   118.9   131.0   216.8   268.1   298.0   320.6   347.8   381.8   433.4   608.6  1223.4  4207.9  94095.8    94027
read      336.4   188.3    68.9   141.3   160.2   287.9   372.7   436.3   485.9   536.5   590.7   662.3   791.5  1402.1  3756.3 169871.2   170019
read      320.4   172.8    80.4   153.4   174.3   283.1   341.2   382.3   417.6   463.5   522.8   608.0   754.7  1542.4  5018.4 178661.0   179090
read      255.5   143.1    74.4   121.7   135.1   234.4   280.9   309.0   330.9   358.1   393.9   451.4   597.2  1736.1  3958.7  46995.8    47130
read      260.2   149.3    68.9   125.4   140.5   248.5   285.7   309.0   326.2   344.5   367.4   400.6   498.3  2409.3  3532.8  19397.8    19439
read      352.5   343.9    74.4   133.6   151.0   267.2   331.2   372.4   406.5   457.7   546.1   872.4  1702.8  3521.2  7595.8 128907.2   128963
read      257.8   116.9    63.8   124.8   139.0   247.3   285.2   310.3   329.8   351.4   376.9   416.4   507.2  1238.1  3140.5  23788.6    23787
read      247.8   151.3    68.9   116.2   127.1   225.5   279.2   307.4   328.4   353.5   386.0   439.7   583.9  2075.1  3909.3  61840.4    61848
read      231.4   118.2    74.4   117.6   128.9   206.0   255.1   283.6   305.1   331.0   363.3   407.9   516.0  1428.0  2457.0 102051.8   101968
read      240.3   155.7    74.4   120.3   132.3   211.3   260.1   289.6   312.3   339.5   372.4   421.1   574.2  1915.2  5591.5 108586.2   108767
read      246.9   175.9    63.8   119.3   131.1   213.6   264.5   293.9   316.8   344.3   378.7   430.4   836.2  1941.3  4375.2  96858.0    97139
read      336.1   186.5    63.8   146.0   165.6   295.9   367.2   418.3   464.7   521.1   582.2   657.7   780.7  1015.2  3466.2 158565.0   158594
read      345.8   183.5    74.4   148.7   169.8   305.7   377.4   427.9   469.6   523.0   588.0   675.3   830.5  1463.2  3935.0 141588.6   141240
read      266.8   161.0    63.8   119.7   132.0   251.4   299.5   332.3   356.0   382.1   414.1   461.0   556.0  1950.0  5410.3  41320.6    41405
read      250.3   174.9    68.9   118.4   129.5   230.3   282.5   309.8   330.2   354.8   386.6   438.1   580.0  1664.4  7039.7  58022.2    57997
read      260.5   124.5    68.9   131.0   146.0   235.7   287.5   318.4   341.4   368.8   402.5   457.2   585.9  1198.6  3249.3 133499.6   133577
read      236.6   124.0    68.9   119.1   130.1   226.5   274.3   296.8   313.8   333.4   357.6   392.0   459.4   723.4  3533.7  53845.8    53832
read      286.5   163.1    68.9   136.3   152.3   256.6   317.0   353.6   380.8   413.9   458.0   527.6   675.0  1031.1  3321.0 139814.6   139832
read      353.6   184.7    74.4   157.5   179.0   312.6   381.3   428.5   470.4   529.8   603.5   697.0   862.9  1176.3  5079.2 170525.2   170515
read      310.6   152.3    74.4   140.0   159.4   278.6   338.8   375.3   405.0   446.8   509.2   613.4   778.0   991.5  2691.5 128199.4   128494
read      251.5   176.3    68.9   126.5   140.9   243.9   275.0   294.5   310.8   330.3   354.9   390.6   467.5  1208.4  8901.9  20730.4    20789
read      252.3   132.2    74.4   117.9   129.2   229.9   286.4   317.2   340.3   367.7   402.1   461.5   591.9  1186.6  3576.4  63546.8    63647
read      235.1   138.0    54.7   117.3   128.2   218.3   271.3   297.2   315.7   337.4   363.7   399.2   470.1   691.4  5886.4  64602.2    64802
read      234.8   101.4    68.9   118.2   129.1   224.5   272.8   295.9   312.9   332.5   356.7   391.1   457.6   662.9  2523.2  55823.0    55719
read      352.8   195.0    74.4   157.4   179.3   307.6   383.4   441.0   487.4   537.9   594.2   672.4   816.9  1717.1  4581.3 173878.6   174179
read      272.1   138.9    68.9   127.1   141.9   243.0   299.7   335.5   362.7   396.1   441.5   514.2   644.3  1152.5  3231.8 106171.0   106356
read      348.1   181.9    80.4   161.2   183.1   303.0   367.9   417.2   461.7   521.6   594.4   690.0   858.3  1104.6  3105.3 178972.0   178750
read      249.5   117.8    68.9   123.4   137.8   228.9   276.3   304.9   326.4   353.3   388.5   442.7   559.5   752.9  3081.6 105724.8   105831
read      253.9   212.7    68.9   119.7   132.0   212.9   263.5   294.1   317.9   347.8   388.7   463.8   926.5  2630.9  6845.3 110376.4   110667
read      216.8    99.7    68.9   117.5   133.6   211.8   230.7   241.5   250.0   260.5   274.0   300.1   484.1  1552.3  2480.4   8696.0     8803
read      280.4   199.5    63.8   116.5   128.6   255.2   316.9   353.6   377.1   402.8   434.7   485.1   680.0  2846.0  6015.0  45864.4    45662
read      285.3   301.8    68.9   120.0   132.9   246.1   289.6   316.7   337.1   360.7   391.4   451.0  1460.7  3947.4  7893.9  30846.2    30867
read      296.3   335.6    68.9   116.0   128.0   247.7   302.9   339.2   363.0   389.1   422.8   488.7  1603.4  4319.8  8013.7  45714.8    45656
read      279.8   273.2    68.9   118.5   130.7   218.5   274.1   309.2   336.9   372.6   432.2   603.9  1388.3  3451.6  7400.8 100870.4   100938
read      236.1   148.3    63.8   123.0   136.0   211.7   254.4   280.7   300.7   325.5   357.3   402.3   515.7  1848.7  5519.1 132469.2   132360
read      225.9   109.0    68.9   114.1   124.3   209.7   262.4   287.0   303.9   323.3   347.9   385.1   456.9   620.0  2775.1  67705.8    67591
read      262.1   148.1    63.8   119.8   132.5   247.7   291.5   319.4   339.5   361.3   387.2   426.9   586.0  1961.2  3494.8  33912.4    33910
read      252.6   210.4    68.9   116.6   128.0   212.9   269.7   301.4   325.2   354.6   393.0   461.6   796.0  2933.6  6212.5  85893.6    85729
read      224.0   109.6    63.8   119.9   135.7   221.4   243.2   255.0   264.7   274.3   290.3   316.1   396.6  1450.9  3332.4  12900.4    12884
read      272.5   183.6    68.9   116.2   128.0   251.8   307.5   343.6   366.9   391.5   420.5   463.2   586.8  2626.3  4656.0  45759.8    45621
read      277.2   217.8    63.8   118.8   131.9   251.5   302.7   336.0   357.4   380.2   407.4   456.1   849.9  3037.9  7296.2  36902.0    36938
read      282.7   229.6    63.8   114.7   126.1   251.3   316.6   355.8   382.0   410.7   445.4   497.9   715.9  3208.2  7403.4  56758.8    56902
read      256.3   204.0    63.8   117.8   129.8   213.1   265.6   297.2   321.7   351.5   390.1   460.4  1163.9  2683.5  4948.9 102246.6   102243
read      223.3    78.6    63.8   120.9   136.7   222.8   244.4   256.3   266.2   276.6   292.2   317.9   392.1   978.3  2175.6  14074.8    14085
read      272.2   226.6    68.9   117.7   129.8   219.7   278.4   315.8   345.3   384.3   444.0   570.3  1082.2  2768.0  7082.2  94057.4    94103
read      229.0    99.2    68.9   115.0   125.5   218.5   267.5   290.4   306.4   324.5   347.5   382.1   451.1   618.7  2424.2  58351.2    58175
read      289.7   190.7    74.4   138.8   155.7   256.5   310.3   342.8   368.3   399.5   441.8   509.4   725.6  2757.5  4660.8 151108.0   151312
read      228.3   115.9    68.9   114.7   125.4   205.4   259.2   287.5   307.6   331.1   360.1   399.6   485.0   891.3  2978.1  83320.4    83333
read      316.3   181.9    74.4   143.4   162.6   278.9   350.4   398.6   433.6   471.5   515.9   579.1   705.8  2117.7  6336.5 165459.8   165153
read      237.1   118.2    68.9   122.1   135.4   215.1   260.5   287.7   308.5   333.6   365.2   411.2   510.2  1170.1  3654.2 124245.6   123975
read      245.2   121.2    63.8   120.3   133.4   239.6   272.9   292.0   307.3   326.2   350.7   386.1   472.1  1468.8  3129.7  28278.2    28449
read      228.7    89.6    68.9   120.1   135.0   227.8   251.9   265.4   274.2   286.9   302.6   331.2   397.8  1194.6  2193.7  14825.0    14903
read      255.9   126.2    63.8   120.0   133.0   246.7   288.7   315.8   334.9   355.3   378.3   411.3   496.3  1407.0  3322.3  31302.8    31189
read      276.2   215.1    63.8   117.4   129.9   252.7   305.6   338.7   360.0   382.8   409.5   452.2   780.1  3416.3  6068.2  40568.2    40636
read      254.3   234.3    68.9   115.2   126.2   213.6   270.9   302.4   325.6   354.3   392.4   462.8   824.2  3389.6  7417.3  80526.6    80574
read      355.3   317.2    80.4   156.7   179.7   304.8   368.7   411.8   445.6   485.3   534.2   607.7   939.5  4072.8  7771.3 168644.0   168820
read      320.6   172.7    80.4   150.3   170.0   284.2   350.1   395.4   430.3   471.2   522.5   591.7   731.9  1776.1  4509.7 162722.0   162621
read      232.2   115.6    74.4   118.1   130.0   210.3   257.3   285.0   305.1   329.1   359.8   402.6   502.7  1141.3  3125.1 101724.2   101621
read      228.3    99.7    63.8   115.3   125.8   217.8   266.4   288.6   304.0   321.4   344.5   377.3   445.2   672.4  2213.6  58589.2    58592
read      263.2   126.3    74.4   135.7   151.7   241.0   288.5   317.2   339.0   365.3   398.9   452.8   575.9  1175.8  3526.6 153380.6   153042
read      229.1   130.1    74.4   116.8   128.5   202.9   249.1   276.5   297.0   322.4   355.1   401.5   529.8  1543.9  3253.9 112474.2   112238
read      282.6   136.2    74.4   140.4   158.3   258.4   312.0   344.6   369.6   399.1   436.4   492.6   608.4  1347.8  3208.5 160058.8   160265
read      227.3    93.4    63.8   115.2   125.7   218.2   266.0   288.1   303.1   319.8   342.0   373.6   436.7   623.5  1868.5  57249.8    57109
read      223.7    95.4    68.9   113.8   124.4   201.1   253.3   281.9   301.7   325.0   354.7   395.8   474.4   736.3  1714.2  88465.6    88551
read      208.8    85.8    68.9   115.0   131.3   208.1   226.7   236.0   244.8   253.6   267.3   288.9   359.3   972.6  3709.2   8435.8     8385
read      257.2   124.9    59.1   117.9   130.6   246.9   292.5   321.3   340.4   361.1   385.1   420.4   504.6  1342.5  3310.5  34122.6    34088
read      298.4   317.5    74.4   121.0   134.5   225.3   279.7   312.4   337.8   369.2   414.7   611.8  1692.7  3363.4  7353.2 113478.0   113600
read      236.4   111.3    74.4   123.2   136.8   214.4   258.3   285.4   306.2   331.6   364.0   410.6   514.7  1154.1  2708.8 131841.4   131842
read      226.5   115.6    74.4   116.9   128.7   203.2   249.4   276.8   296.9   321.8   353.8   398.3   492.2  1012.0  3730.8 111965.0   112066
read      226.3   112.6    68.9   113.4   123.5   206.7   260.5   286.4   304.3   325.1   351.7   389.5   465.5   995.6  3045.7  72713.0    72585
read      236.9   122.3    74.4   123.4   137.0   214.3   258.3   285.0   305.2   330.2   362.3   408.1   518.2  1386.1  3441.5 133419.2   133669
read      217.3    92.7    68.9   119.3   135.2   217.3   237.2   249.1   257.3   268.0   281.2   303.6   366.7   942.4  2889.2  11868.4    11820
read      221.6    87.3    68.9   119.1   134.6   221.2   242.6   254.4   264.3   274.4   290.4   315.9   379.7  1063.3  2734.6  12711.2    12639
read      318.9   353.9    74.4   122.9   137.5   234.5   290.3   322.9   349.1   383.6   438.4   850.9  1724.3  3623.3  7737.9 118530.6   118548
read      305.2   148.8    80.4   142.4   161.3   272.4   341.3   386.5   418.8   454.4   496.0   552.0   666.2  1131.7  2988.9 165643.6   165754
read      225.9   129.6    74.4   114.0   124.7   202.2   253.9   282.1   301.6   325.0   354.6   396.3   489.4   857.3  4244.0  86828.4    86823
read      227.7    77.0    68.9   121.6   136.0   226.9   251.8   265.9   275.1   288.4   305.2   335.8   403.6   774.2  1680.9  17070.8    16898
read      335.7   356.3    68.9   128.2   143.7   247.4   302.9   337.5   365.4   402.0   471.3  1183.2  1703.7  3516.4  7501.1 123062.6   123124
read      228.2   110.9    68.9   114.6   125.0   209.4   263.0   288.8   307.2   328.7   355.6   393.5   467.6   689.7  3383.5  72298.0    72278
read      252.5   122.1    68.9   117.0   128.5   241.7   287.6   313.9   334.4   359.0   390.4   436.4   542.6  1283.9  2712.0  47780.2    47757
read      244.7   146.6    63.8   114.5   125.2   225.6   277.0   303.4   322.5   346.3   378.2   430.4   558.5  2188.0  3636.0  60479.4    60510
read      249.1   165.2    63.8   121.2   134.7   240.7   274.5   294.0   309.9   328.7   351.6   385.6   462.9  2846.0  5485.3  25319.0    25237
read      236.7   134.8    74.4   115.9   127.5   206.7   259.5   289.7   312.3   340.1   375.7   434.4   615.3  1287.0  3634.3  97888.4    97783
read      230.9   114.4    63.8   119.2   131.3   206.9   252.4   279.9   300.5   326.2   359.2   405.1   513.3  1366.6  2678.8 119185.4   118966
read      234.9   121.8    68.9   119.8   134.8   228.6   254.5   269.6   280.6   293.9   314.0   346.5   492.1  1481.0  3581.3  16702.8    16631
read      218.2    76.5    68.9   117.7   133.7   218.2   238.9   251.0   259.9   270.5   285.2   310.1   370.8   917.9  2222.7  11739.4    11743
read      323.9   359.1    68.9   123.0   137.5   235.6   293.5   327.6   354.4   389.0   447.9   980.0  1743.4  3632.7  7640.6 114620.8   115026
read      229.7   119.8    59.1   119.2   131.5   206.2   250.8   277.1   297.2   322.2   354.8   399.7   502.4  1386.8  3523.4 122155.0   122371
read      200.9    88.2    63.8   110.9   125.3   200.3   217.4   227.3   233.7   243.0   254.0   274.0   335.4  1074.7  2730.4   7189.2     7198
read      244.8   100.0    63.8   120.3   133.8   239.9   275.0   294.9   311.0   329.4   351.0   382.5   453.0  1134.9  2665.8  25025.2    25022
read      398.1   333.3    80.4   161.4   186.1   322.0   393.2   445.8   488.9   539.4   604.9   744.5  1713.4  3551.4  7611.1 157629.6   157513
read      336.1   167.5    80.4   156.6   177.2   297.8   372.1   424.1   462.2   503.7   550.3   616.6   738.8  1147.6  3294.9 171804.4   171975
read      322.8   168.1    80.4   147.8   167.0   287.9   359.4   406.6   441.6   480.1   526.3   589.8   718.8  1474.2  4282.0 154833.4   154918
read      300.8   151.0    80.4   138.4   155.9   269.9   336.1   377.8   408.4   444.0   487.5   548.1   677.2  1229.8  3461.6 139014.6   139185
read      308.1   167.4    74.4   141.9   159.7   263.9   330.5   379.8   420.2   467.1   524.6   603.9   765.1  1349.5  3468.6 152578.4   152724
read      231.9   114.7    63.8   120.5   133.8   227.5   256.5   272.6   285.5   300.5   322.0   355.7   426.9  1095.8  3641.0  20924.2    20845
read      390.1   382.9    74.4   148.3   170.8   298.1   358.7   400.0   436.4   492.1   584.9  1198.3  1841.2  3783.3  7790.9 140015.4   140348
read      226.2   111.9    68.9   113.9   124.3   201.3   254.1   283.1   303.4   327.5   358.1   400.2   505.2   933.3  2804.2  88612.0    88725
read      241.0   119.0    68.9   124.5   138.1   218.2   263.7   291.2   312.6   338.4   370.9   421.1   537.3  1238.0  3194.5 134407.6   134088
read      252.9   200.2    74.4   115.6   126.5   218.5   271.9   298.6   318.1   342.2   373.7   433.5  1027.6  2644.0  4457.3  66154.4    66126
read      251.6   183.6    68.9   116.2   127.6   216.4   271.7   301.4   323.2   350.0   385.6   449.5   874.4  2258.9  4325.9  78091.2    78214
read      227.2    98.8    74.4   115.0   125.5   219.4   265.8   287.0   301.3   317.7   339.6   371.5   436.6   583.7  3086.9  55349.0    55191
read      230.5   107.2    63.8   115.5   126.2   221.8   268.4   289.6   304.4   320.9   343.5   376.7   456.2   985.3  2681.7  54189.2    54081
read      229.7   117.5    63.8   118.1   129.7   205.3   252.3   280.2   300.8   326.6   360.0   405.7   510.4  1047.2  3266.3 112502.0   112478
read      354.9   182.4    80.4   172.5   196.6   314.7   375.1   423.9   466.0   517.2   576.1   652.9   797.8  1843.9  4786.9 179602.6   179666
read      248.0   129.7    74.4   119.9   132.8   223.0   274.1   303.8   326.9   355.5   392.6   453.5   611.7  1006.4  2704.2 100713.0   100584
read      242.1   152.8    80.4   123.2   136.5   216.2   262.5   290.5   312.1   338.5   371.9   423.4   559.6  1727.8  7327.2 127991.6   127920
read      198.2    71.7    80.4   112.8   126.3   198.5   214.6   223.8   230.4   237.8   249.7   268.7   327.7   934.3  2323.1   6598.4     6594
read      247.3   129.9    63.8   121.3   134.6   240.7   276.6   296.3   312.4   331.2   353.9   386.2   463.4  1242.7  4454.1  25031.4    25020
read      307.5   297.4    74.4   128.1   143.1   242.5   299.6   335.3   363.3   399.2   455.5   584.9  1650.2  3377.0  7577.9 129570.2   129587
read      211.7    82.1    68.9   116.4   132.9   210.8   230.2   240.7   248.8   258.1   271.2   293.3   359.3  1032.0  2445.8  10311.6    10277
read      370.4   321.1    80.4   151.7   174.9   299.3   358.2   400.1   437.1   489.6   568.2   737.1  1706.3  3626.0  7576.5 148255.2   148458
read      228.0   118.0    68.9   114.3   124.6   211.5   264.1   288.8   305.6   324.9   349.4   386.9   463.3   896.8  3695.2  66142.6    66114
read      230.3   100.5    68.9   117.0   127.9   225.9   268.4   288.1   301.7   317.6   338.7   369.7   432.5   588.8  2542.1  49247.8    49261
read      247.2   130.7    74.4   126.0   139.9   222.1   268.8   297.4   319.8   346.8   382.3   435.0   573.8  1402.2  3809.3 133135.2   133049
read      229.7   119.2    68.9   117.3   128.7   204.6   252.6   280.8   301.1   326.0   358.2   402.5   513.1  1441.8  2588.5 106678.4   106628
read      241.0   111.5    68.9   121.9   135.6   237.0   268.5   285.9   298.2   316.3   339.5   371.6   438.3  1001.4  4141.2  23437.2    23498
read      321.7   368.6    74.4   120.6   134.0   232.1   290.0   324.7   352.8   389.1   444.4  1022.1  1816.7  3657.6  7737.1 103355.6   103564
read      318.2   178.4    80.4   143.2   161.5   275.9   347.4   400.9   442.8   488.0   538.2   605.0   730.3  1637.0  5238.6 161714.0   161774
read      248.6   134.6    68.9   118.6   130.3   237.6   279.0   303.3   322.6   346.6   375.9   418.0   509.4  1376.9  3058.1  39090.2    39037
read      420.1   331.2    80.4   196.8   226.8   343.3   405.7   454.4   494.0   542.7   607.5   744.5  1747.2  3674.8  7721.6 163581.4   163622
read      272.6   137.6    74.4   131.1   147.4   246.2   300.2   334.1   359.8   390.9   431.2   494.0   624.7  1160.6  3118.8 132506.4   132405
read      242.5   121.5    74.4   124.0   137.7   218.3   264.5   292.6   314.6   341.0   373.9   426.0   552.4  1338.0  3520.4 131635.8   131596
read      332.4   182.9    80.4   153.9   174.3   289.6   357.2   408.2   450.9   499.0   554.3   630.6   786.3  1648.1  4321.8 174344.4   174543
read      231.0   109.7    74.4   116.7   128.4   209.2   257.6   285.2   305.4   330.1   361.6   405.6   507.8   909.0  2861.6  90610.0    90567
read      230.1   129.6    74.4   117.8   129.6   204.6   250.6   278.4   299.1   324.5   357.7   403.5   518.8  1693.1  3401.3 116612.2   116582
read      218.7    91.7    68.9   120.0   135.7   218.0   239.6   251.8   261.2   271.7   286.7   310.7   369.4   952.6  4239.2  13884.8    13888
read      366.4   402.4    74.4   128.9   145.4   261.8   325.2   364.2   394.9   438.6   544.9  1355.6  1856.3  3753.0  7710.0 119078.8   119224
read      322.6   183.5    74.4   141.8   160.3   280.8   356.1   407.6   447.0   490.7   541.9   614.4   754.8  2121.4  4610.5 156542.0   156471
read      320.7   173.9    80.4   146.1   165.0   280.2   349.6   400.2   440.6   486.2   538.3   609.6   739.0  1382.5  4246.9 163846.8   164013
read      244.6   130.9    68.9   117.5   129.0   233.0   274.6   297.7   317.1   341.0   371.6   416.5   509.6  1205.6  4396.9  42031.8    41909
read      300.8   292.9    74.4   127.3   142.0   238.6   293.8   327.0   352.7   385.1   432.7   569.5  1648.3  3406.6  7327.0 128241.6   128280
read      228.5   132.5    68.9   116.3   127.8   202.2   250.7   278.8   299.0   323.9   356.2   401.7   512.9  1450.8  4462.8 106923.6   107066
read      254.4   131.3    74.4   116.7   128.2   242.1   287.5   314.4   336.3   362.3   393.2   436.7   543.5  1456.4  3887.5  46209.2    46119
read      212.3    64.3    74.4   115.4   134.3   214.3   233.4   244.2   251.5   261.0   272.3   291.8   340.6   908.4  1435.9  10208.2    10227
read      214.4    70.7    68.9   116.3   133.5   216.2   235.7   247.5   254.9   265.6   277.0   296.4   346.8   882.7  1788.6  10787.0    10870
read      567.0   631.9    80.4   170.6   193.8   301.6   373.2   480.1   846.4  1330.1  1496.0  1702.1  3087.6  4683.4  8103.1 146292.6   146664
read      278.1   359.7    74.4   122.7   137.6   229.2   261.1   278.9   293.6   315.0   351.9   494.5  1490.5  7302.1  8115.0  19858.2    19865
read      486.6   469.1    80.4   145.4   165.0   301.6   428.3   591.8   743.8   906.1  1114.0  1397.9  2215.1  3462.8  8019.0 113435.2   113409
read      254.1   132.4    74.4   114.4   125.9   236.4   291.1   323.9   348.7   375.3   406.0   453.1   566.5  1103.9  3069.8  70547.4    70623
read      251.6   132.3    68.9   117.3   129.2   242.9   290.7   318.6   340.1   363.4   390.4   427.7   496.2   625.4  3463.6  52630.8    52633
read      319.1   201.1    80.4   130.1   145.3   256.3   344.1   411.1   458.3   509.7   575.4   680.2   978.0  1493.4  2472.6 104640.0   104630
read      245.3   101.9    68.9   117.3   128.9   242.3   284.2   306.7   323.3   343.6   368.1   400.5   464.9   578.4  2533.0  42762.6    42594
read      273.2   143.6    63.8   120.1   133.0   237.2   307.4   356.2   389.8   426.3   468.5   531.5   664.6   913.1  1764.5  95120.2    95196
read      248.3   116.9    68.9   115.0   126.4   240.5   287.5   314.0   334.2   357.3   384.5   421.8   495.6   649.0  4151.8  52059.6    52243
read      242.7    87.5    68.9   118.2   130.0   243.5   281.2   300.4   315.4   333.7   356.5   388.8   443.1   528.8  1312.6  36869.6    37031
read      246.1   100.1    68.9   117.3   129.1   244.2   284.9   306.6   322.7   343.0   367.8   401.4   466.5   610.0  1362.0  39884.0    39878
read      443.6   401.3    80.4   141.5   160.0   287.1   409.7   544.9   662.6   796.8   973.1  1238.6  1789.2  3037.7  7653.5 110599.8   110750
read      208.4    68.3    68.9   112.5   129.4   210.1   228.5   238.0   245.9   253.8   266.2   284.7   336.5   934.7  1383.6   8206.6     8231
read      251.0   110.1    68.9   114.0   125.3   239.2   290.7   321.3   344.6   369.8   399.2   441.1   526.3   681.7  1820.6  63483.0    63638
read      265.7   135.0    63.8   117.7   130.2   236.6   301.8   344.9   374.8   407.3   447.2   504.1   624.9   822.2  2715.5  90330.0    90167
read      248.6   107.3    74.4   115.5   127.1   242.0   288.8   315.1   335.4   358.5   384.9   420.8   487.1   591.9  2372.1  50544.0    50555
read      226.9    79.9    59.1   121.1   137.2   229.2   252.1   264.8   273.1   284.4   296.9   320.3   374.3   599.4  3570.6  15997.0    15997
read      245.3   117.9    74.4   116.8   128.4   242.2   284.4   307.3   324.3   344.6   368.8   401.4   465.5   578.4  2067.4  43248.4    43089
read      216.7   102.1    63.8   118.0   135.1   218.2   237.7   248.9   256.3   266.6   278.1   296.8   346.0   926.0  5308.6  12249.8    12188
read      253.1   127.0    74.4   114.2   125.6   235.8   293.0   327.3   352.2   379.3   410.3   455.7   545.2   682.1  3026.8  76579.0    76615
read      587.3   652.0    80.4   172.5   196.9   306.0   380.0   512.6  1015.4  1371.0  1524.3  1726.7  3187.3  4671.9  8081.2 143529.6   143480
read      379.0   412.8    68.9   128.4   146.9   266.9   337.7   392.2   443.0   531.3   692.5  1060.5  1879.4  3859.7  8069.3  63863.6    63793
read      252.4   117.9    68.9   113.7   124.9   237.2   292.6   325.5   349.8   376.2   407.1   453.0   541.8   682.9  1960.1  72235.4    71996
read      246.9    99.1    80.4   117.2   128.9   244.4   286.2   308.9   325.9   346.1   370.7   403.5   467.7   599.4  2111.4  41700.4    41778
read      237.2    86.2    68.9   121.8   136.1   239.6   266.9   281.4   292.0   305.1   321.0   350.4   404.9   641.7  4002.4  21835.4    21860
read      247.9   109.1    74.4   115.9   127.8   243.0   287.3   311.7   330.2   351.6   376.8   411.8   479.5   696.9  3400.6  45579.0    45582
read      257.6   144.9    68.9   115.1   127.0   235.8   295.8   334.3   360.8   389.6   423.7   471.5   576.6   731.8  3572.5  82143.6    81972
read      246.0    94.7    63.8   117.0   128.7   243.3   285.5   308.2   325.2   345.7   370.9   404.3   468.2   573.4  1269.8  42865.0    42852
read      249.6   129.4    74.4   115.3   126.7   242.3   288.7   315.5   336.0   358.9   385.3   422.4   494.7   623.0  4434.3  51790.0    51852
read      441.8   399.7    80.4   141.2   159.9   287.2   410.7   541.6   654.7   786.1   954.7  1225.6  1818.9  3142.5  7691.6 109210.0   109368
read      249.8   114.5    74.4   114.9   126.2   241.3   289.4   317.0   338.7   362.9   391.0   429.6   504.6   627.8  2444.4  55833.2    55794
read      244.5   104.6    63.8   118.5   130.5   244.3   282.1   301.4   316.3   334.9   358.1   390.7   452.3   565.8  2420.2  35531.8    35534
read      268.0   144.0    74.4   118.5   131.0   237.6   304.1   347.7   378.3   411.5   451.3   507.2   630.8   851.2  3896.6  90571.2    90576
read      272.7   137.0    74.4   120.4   133.4   238.4   307.5   355.2   388.0   423.4   465.2   528.2   657.4   863.4  1564.0  95066.2    95085
read      293.9   166.2    63.8   124.6   138.9   247.2   325.1   381.9   420.8   463.2   515.1   594.4   783.3  1165.8  3091.5 100226.8   100029
read      252.4   119.2    59.1   113.9   125.3   237.4   292.9   325.7   349.9   376.3   406.9   451.7   538.4   667.8  2159.5  72472.2    72551
read      261.1   137.2    63.8   116.3   128.3   236.1   298.2   338.1   365.9   395.7   431.4   485.2   600.9   799.5  3806.2  84641.0    84629
read      253.3   146.8    68.9   113.8   125.2   236.8   292.6   326.0   350.5   376.9   407.1   451.9   543.3   722.4  3394.7  74168.2    74136
read      580.9   645.3    80.4   172.4   196.2   304.9   378.9   517.9   961.4  1351.7  1507.7  1713.7  3120.1  4926.7  8089.1 130467.8   130756
read      323.5   309.3    68.9   120.6   135.6   254.1   317.4   361.5   395.7   441.2   525.7   751.9  1543.7  3279.4  7921.1  69958.4    69916
read      251.5   120.3    68.9   113.7   124.8   237.3   291.5   322.9   346.9   373.1   402.6   445.4   534.3   730.8  2028.3  71924.4    72019
read      254.0   116.2    68.9   114.6   125.9   236.3   293.7   329.1   354.7   382.4   414.6   460.0   548.7   687.7  1402.4  77961.8    78070
read      287.4   163.1    59.1   123.8   137.8   243.4   318.3   372.8   410.4   451.5   500.2   574.8   742.4  1138.5  2962.2  99584.8    99548
read      244.1   107.0    68.9   118.4   130.5   244.1   281.8   301.3   316.1   334.3   356.9   388.6   448.2   562.7  3216.5  36391.8    36393
read      560.4   637.1    80.4   167.4   190.9   298.5   366.7   452.1   755.9  1320.9  1497.7  1714.6  3166.5  4493.7  8108.0 172800.0   172591
read      334.2   653.8    68.9   119.0   134.4   211.0   242.4   265.2   287.5   332.5   448.6   940.5  2474.6  8000.6  9049.6   8312.8     8325
read      253.3   123.4    68.9   114.4   125.8   237.4   292.9   326.3   351.3   377.8   408.8   454.0   540.8   675.5  3159.0  73500.4    73684
read      246.7    97.4    68.9   116.0   127.6   242.1   286.9   311.4   330.1   351.8   376.8   412.5   478.9   593.0  1350.5  48353.6    48420
read      205.7    87.4    68.9   110.2   125.4   207.3   225.6   234.5   242.3   251.1   263.3   281.4   333.2   968.8  2690.3   6787.0     6828
read      506.9   531.9    80.4   152.5   172.4   291.5   387.8   521.7   740.6  1010.8  1305.2  1544.6  2561.8  3833.5  7979.5 118312.6   118747
read      206.9   105.8    68.9   110.6   126.0   204.7   224.0   234.0   242.3   251.7   265.1   286.1   374.8  1345.9  3417.3   7114.0     7123
read      585.3   654.1    80.4   172.2   196.4   303.8   372.5   475.4   990.7  1384.8  1538.3  1743.7  3221.0  4587.0  8053.0 175486.6   175577
read      579.1   672.2    80.4   171.2   195.0   303.1   375.2   488.2   788.4  1316.1  1529.3  1789.8  3394.5  5499.1  8093.0 147405.2   147498
read      475.6   619.2    80.4   156.2   174.9   288.1   382.6   483.2   578.7   708.7   935.3  1444.7  2816.5  7871.5  9030.1  35814.8    35814
read      305.4   275.2    74.4   119.9   134.3   245.6   304.3   344.9   377.0   418.0   482.6   653.4  1478.2  2816.2  7634.5  59569.2    59488
read      587.8   654.4    80.4   172.3   196.6   305.1   375.3   489.3  1029.4  1386.8  1533.3  1734.9  3305.7  4535.8  8002.3 167423.8   167483
read      512.0   622.1    68.9   159.3   179.2   285.7   348.1   414.7   532.7   944.2  1419.9  1673.5  3056.8  7294.4  8121.2  88998.0    88988
read      263.1   394.2    68.9   116.8   132.1   211.9   237.1   252.7   265.7   283.0   317.9   465.0  1449.8  7631.0  8117.9   9871.0     9869
read      487.1   474.3    80.4   144.1   163.5   301.4   429.5   591.3   737.8   901.8  1104.8  1399.7  2378.5  3522.0  7941.3 111572.4   111786
read      285.0   174.1    68.9   121.2   134.8   243.8   313.3   361.6   395.8   433.7   481.0   557.8   834.3  1591.0  3258.0  92400.0    92736
read      584.6   651.1    86.8   172.3   196.4   303.1   372.7   481.4  1021.8  1383.1  1527.8  1732.2  3178.1  4511.6  8035.6 178700.0   178657
read      534.3   632.0    80.4   165.0   186.8   293.1   360.7   439.6   597.2  1098.0  1453.9  1706.5  3107.6  7059.6  8112.8 108838.4   108877
read      324.4   500.2    74.4   124.5   138.6   223.3   264.4   291.3   317.0   364.2   472.9   854.2  2293.6  7767.1  8609.4  19111.0    19091
read      250.9   111.6    68.9   114.1   125.2   239.0   291.4   321.4   344.8   370.5   399.7   440.6   524.5   634.2  1670.0  65897.4    65772
read      255.3   118.9    68.9   114.9   126.6   236.5   294.6   329.6   355.0   382.9   415.7   463.0   566.0   745.8  2004.7  78981.0    79060
read      291.6   162.1    68.9   124.3   138.6   247.3   324.2   380.3   418.5   459.2   507.6   585.1   752.5  1078.0  2880.0 100069.2    99953
read      235.8    78.8    63.8   121.6   135.1   238.8   267.6   282.5   292.7   305.8   321.9   350.9   406.3   561.2  1925.8  24414.4    24354
read      588.5   660.2    80.4   173.6   197.3   304.6   374.8   488.2  1031.3  1380.5  1528.0  1734.8  3285.5  4730.2  8063.6 144199.6   144236
read      559.8   650.3    68.9   169.4   192.2   298.8   368.1   459.1   684.2  1243.1  1500.6  1758.0  3292.2  4904.7  8058.3 168093.8   168093
read      405.7   630.4    63.8   139.1   154.6   247.1   315.5   375.8   434.5   519.4   680.8  1264.2  2637.0  7941.5  9869.3  22104.6    22028
read      262.4   138.4    59.1   115.8   128.1   238.7   297.0   333.8   361.0   391.2   427.2   483.7   653.0  1099.8  2543.1  77192.2    77499
read      586.8   647.2    80.4   172.7   196.6   304.7   377.2   501.7  1054.2  1381.3  1527.3  1727.0  3066.8  4661.3  8047.4 128189.0   128271
read      554.9   643.1    86.8   169.0   191.4   299.9   373.4   480.5   698.4  1172.8  1469.9  1724.4  3262.1  6183.0  8125.6 126570.4   126673
read      303.7   320.6    63.8   121.8   136.3   243.9   295.6   329.9   358.0   393.2   449.4   620.2  1556.5  3337.8  8014.2  43699.2    43605
read      307.3   179.6    74.4   127.7   142.0   252.8   335.5   398.0   442.5   491.2   550.2   641.8   867.2  1279.0  2514.0 102907.8   103217
read      273.9   141.8    68.9   120.2   133.2   240.4   309.4   356.5   389.1   424.2   465.5   528.8   656.5   867.7  2364.7  93752.6    93706
read      238.3   102.4    63.8   120.9   134.9   241.4   269.5   284.5   294.7   308.6   325.7   354.9   414.5   536.9  2815.4  23200.0    23247
read      256.8   129.8    74.4   115.1   127.0   238.5   295.8   330.9   356.3   384.2   417.2   464.9   562.5   753.6  3027.7  77376.0    77378
read      216.6    68.3    68.9   115.2   134.6   218.8   238.6   250.1   258.0   267.7   279.3   298.4   348.0   895.5  2019.5  10460.2    10495
read      586.7   658.2    80.4   171.7   196.3   304.3   376.6   500.1  1002.7  1366.6  1519.9  1732.7  3256.0  5321.9  8056.2 134455.0   134841
read      547.2   629.1    86.8   168.7   190.8   299.3   375.0   482.0   678.5  1106.9  1448.4  1706.7  3135.9  5752.3  8077.5 120773.8   120602
read      288.7   301.2    63.8   121.2   135.2   238.1   284.9   312.8   336.3   367.3   413.5   550.3  1465.1  3291.8  7999.3  37199.8    36975
read      588.7   660.7    80.4   172.4   196.6   305.0   374.5   481.7  1021.1  1387.0  1534.8  1740.0  3260.7  4637.3  8087.8 150892.4   151323
read      586.8   679.0    74.4   170.9   194.7   301.8   371.6   482.7   953.9  1364.6  1536.5  1761.9  3324.7  7124.9  8112.1 105042.8   105217
read      581.5   681.1    80.4   169.4   191.3   299.1   369.9   469.0   881.6  1350.4  1536.9  1795.5  3284.6  6984.2  9097.6 110773.6   110653
read      589.1   668.6    80.4   172.3   196.0   306.2   389.0   559.9   911.3  1316.1  1523.9  1796.1  3219.4  7011.1  8121.1 127554.8   127593
read      545.6   629.0    80.4   155.0   175.6   300.5   384.1   507.3   744.0  1081.9  1426.5  1709.6  3120.1  4987.4  8086.0 101045.2   101096
read      594.4   691.6    80.4   172.0   196.1   304.4   371.8   467.7   910.8  1388.2  1566.2  1828.1  3445.4  4969.0  8094.0 158857.8   158958
read      597.7   694.0    86.8   172.6   196.4   305.0   373.8   474.2   961.9  1399.8  1570.4  1824.6  3378.4  5872.6  8104.4 136771.6   136541
read      594.4   681.5    80.4   172.7   196.4   304.9   373.0   469.6   958.4  1394.6  1561.8  1818.3  3371.9  4701.5  8072.6 164686.4   164999
read      595.0   689.7    80.4   172.0   195.7   304.2   372.3   467.7   943.6  1393.5  1569.5  1825.5  3415.6  5039.8  8093.6 165127.6   164911
read      600.0   713.5    80.4   172.8   196.4   305.6   374.0   468.9   948.7  1390.6  1558.4  1828.4  3482.8  7420.2  8255.9  88056.4    87904
read      592.0   687.6    86.8   172.4   196.3   304.6   371.2   461.6   916.3  1371.7  1543.8  1817.3  3486.3  4869.3  8058.8 169403.2   169356
read      606.0   735.2    80.4   172.9   196.7   305.7   373.6   476.9   932.0  1392.0  1572.5  1845.9  3573.1  7580.9  9319.5  67939.2    67870
read      577.7   663.0    80.4   172.8   196.6   303.3   379.9   521.2   808.5  1265.2  1513.3  1790.4  3341.6  4984.9  8081.7 167318.0   167602
read      564.0   658.2    86.8   169.7   190.8   298.3   373.7   478.3   735.4  1229.4  1506.5  1780.1  3291.6  4986.9  8088.0 170495.2   170450
read      571.0   709.5    80.4   162.7   181.1   292.4   365.0   450.8   756.2  1305.2  1524.1  1804.2  3421.9  7609.5  8215.3  72957.6    72942
read      618.4   910.8    80.4   156.2   174.5   299.9   389.3   555.1   838.2  1255.3  1518.4  1831.0  4387.5  8045.4  9394.9  13963.6    13873
read      537.7   654.7    74.4   141.5   160.9   298.0   383.1   491.3   676.2  1011.4  1435.9  1739.0  3087.2  7403.1  8527.7  45259.8    45295
read      548.0   620.9    80.4   172.6   195.8   304.4   384.8   499.0   684.9  1078.1  1434.7  1693.8  3129.4  5072.9  8089.7 157952.4   157697
read      544.7   643.3    74.4   167.5   187.7   294.6   369.8   460.7   640.3  1096.2  1477.6  1746.9  3204.8  7065.9  8083.9 117380.6   117232
read      567.2   675.8    80.4   166.9   187.5   293.5   366.4   453.3   745.0  1316.6  1518.9  1776.3  3315.3  7176.2  8120.9 100934.4   101152
read      533.6   645.2    68.9   137.5   157.1   289.0   371.0   460.5   646.9  1081.7  1473.1  1758.0  3092.1  5701.6  8085.2  50326.8    50333
read      591.1   686.7    86.8   172.9   195.7   300.9   371.5   467.5   952.4  1384.1  1551.8  1802.2  3423.7  5501.9  8089.2 136510.6   136447
read      587.7   661.6    86.8   173.3   196.1   303.6   382.7   527.1   958.6  1345.5  1520.9  1763.4  3310.8  4733.6  8071.9 158544.6   158298
read      583.5   682.2    80.4   171.1   193.0   301.7   384.7   531.4   918.3  1310.9  1490.7  1736.1  3280.9  7478.4  8131.6  69382.0    69328
read      568.7   631.8    80.4   173.4   195.6   305.9   393.1   550.0   824.1  1236.8  1463.7  1707.4  3122.1  4758.5  8091.1 164651.6   164566
read      557.0   663.5    80.4   164.2   183.7   296.4   384.9   512.0   737.5  1134.5  1480.9  1742.9  3138.8  7579.2  8131.5  70837.6    70740
read      521.5   589.5    74.4   153.2   172.9   294.5   386.5   499.1   674.3   966.2  1379.1  1673.8  2936.7  4424.7  8023.3 106875.2   106915
read      553.3   650.4    86.8   167.3   190.1   298.0   371.2   456.9   640.9  1197.7  1496.6  1746.9  3272.8  5690.6  8085.2 126317.6   126425
read      439.5   525.4    74.4   137.3   155.4   277.1   353.2   412.6   473.3   590.4   900.0  1518.1  2621.5  4644.3  8078.4  78838.4    79083
read      480.5   566.8    80.4   170.0   193.0   289.2   346.6   399.8   459.8   612.3  1316.3  1559.1  2910.7  4977.2  8099.9 143273.4   143445
read      437.6   531.6    74.4   162.1   183.4   273.3   321.1   364.5   408.4   492.6   989.4  1532.4  2800.1  4643.4  8053.6 165694.0   165502
read      401.0   579.4    74.4   142.5   161.1   247.4   297.8   343.1   390.0   468.5   665.3  1419.9  2732.2  7797.9  9146.3  40788.0    40820
read      325.8   453.2    74.4   124.4   139.8   223.5   270.9   310.5   349.0   404.3   482.4   719.1  2439.5  7568.0  8131.4  25127.6    25097
read      322.8   347.9    68.9   126.5   142.8   236.3   294.2   344.9   387.0   438.4   519.8   741.2  1845.1  3325.9  8034.9  27016.8    26808
read      306.7   211.5    68.9   123.9   138.7   250.5   320.2   371.0   409.6   457.2   527.6   668.4  1097.7  2005.4  3896.3  73069.4    72990
read      492.5   493.4    74.4   145.5   164.2   296.7   419.7   581.6   748.6   926.7  1153.7  1441.5  2442.4  3720.3  7979.4 113965.0   113963
read      330.5   266.3    74.4   127.3   141.9   254.8   337.1   400.1   446.8   502.3   584.3   756.8  1318.2  2572.9  7353.7  97620.0    97475
read      230.0    82.3    74.4   120.7   136.0   233.1   258.2   271.1   280.6   291.8   306.7   330.5   384.2   468.5  2313.1  18711.6    18649
read      582.6   654.3    86.8   172.7   195.5   300.3   371.1   473.2  1020.9  1378.8  1524.6  1727.1  3255.9  4685.7  8036.0 150401.8   150293
read      591.6   683.7    86.8   173.3   196.3   302.1   372.4   481.3   962.5  1387.3  1553.1  1787.6  3342.6  6531.7  8105.2 119344.6   119407
read      531.4   608.4    80.4   153.9   176.3   297.2   389.8   516.7   707.5  1003.3  1398.3  1658.0  2867.6  7184.7  8134.6  79790.4    79895
read      590.3   681.7    80.4   172.8   196.0   300.4   371.0   467.6   942.8  1388.7  1555.4  1807.0  3336.1  5343.2  8078.3 137351.4   137569
read      518.8   605.2    86.8   170.3   192.5   295.6   369.8   454.2   575.2   867.9  1387.8  1660.6  3018.8  7079.3  8080.0 109711.8   109784
read      312.4   338.3    63.8   121.5   136.3   238.2   293.6   334.5   369.6   417.0   493.7   673.7  1631.9  3309.0  8079.0  51954.6    52195
read      279.1   151.3    68.9   121.2   134.6   240.6   312.2   363.2   397.8   435.0   480.3   547.6   695.5  1016.0  2525.4  97101.2    97072
read      254.1   127.4    63.8   114.2   125.6   237.6   293.9   326.9   351.8   379.0   410.6   457.1   550.7   723.0  2756.9  75240.2    75134
read      284.2   154.0    68.9   122.5   136.3   243.6   316.6   367.4   402.6   442.1   490.2   564.9   729.7  1134.7  2759.3  96868.4    96879
read      585.6   654.7    80.4   173.6   196.9   301.5   373.1   480.6  1043.6  1385.3  1532.2  1740.6  3200.5  4382.9  8100.7 160565.8   160599
read      518.0   585.2    80.4   159.1   183.5   299.1   393.6   519.9   658.8   889.5  1350.9  1614.7  2732.0  7314.5  8130.3  71460.0    71249
read      293.8   233.0    68.9   118.4   131.6   246.0   308.2   350.0   382.1   419.8   472.1   593.9  1148.4  2571.9  7170.5  78895.4    78672
read      248.3   111.2    63.8   113.5   124.6   237.5   288.9   317.3   339.5   364.5   393.5   432.6   509.7   647.1  2526.0  66093.2    66141
read      576.4   649.3    80.4   172.4   195.4   299.3   369.7   469.9   936.0  1367.4  1520.9  1731.5  3112.4  4771.4  8110.2 157028.8   157119
read      325.3   428.4    68.9   125.7   142.2   244.5   286.7   313.9   338.4   373.7   446.2   742.9  1808.9  7440.4  8103.4  32489.4    32402
read      561.8   618.8    80.4   167.7   188.9   296.6   381.4   517.2   873.5  1301.6  1474.8  1697.1  2878.5  4715.7  8049.5 120520.6   120835
read      455.3   458.1    68.9   136.6   154.8   292.1   406.7   532.5   651.1   792.9   978.4  1287.9  2412.2  3478.7  7995.3 101473.6   101524
read      583.7   653.3    80.4   172.0   195.1   300.1   371.4   475.9  1009.9  1387.0  1538.4  1745.5  3180.1  4542.2  8028.0 177866.2   177702
read      586.8   673.8    86.8   173.1   196.1   299.8   369.9   465.1   940.5  1382.9  1545.4  1784.8  3341.2  4829.5  8049.1 154949.6   154983
read      591.1   690.5    80.4   172.5   195.7   300.0   368.9   460.8   870.3  1394.8  1576.5  1828.5  3449.5  5001.0  8042.9 175499.8   175537
read      592.0   686.6    80.4   172.6   195.8   300.6   369.9   461.3   917.5  1397.7  1570.3  1827.3  3384.5  4872.9  8082.7 177763.8   177715
read      625.4   816.1    80.4   174.1   196.9   303.5   377.9   497.3  1030.2  1405.1  1574.0  1857.7  3643.6  7971.9  9742.0  26146.2    26001
read      592.7   692.9    80.4   172.6   195.9   301.1   370.7   462.3   938.0  1386.2  1558.5  1825.2  3447.0  5351.1  8132.5 159944.2   159885
read      593.5   694.8    86.8   172.9   196.1   300.3   371.3   465.1   913.6  1390.0  1566.8  1832.9  3419.0  5336.2  8073.4 144430.8   144266
read      592.6   694.0    80.4   173.0   196.0   299.9   372.2   467.4   900.8  1387.1  1565.9  1829.8  3467.2  5508.6  8066.7 142408.8   142386
read      612.3   774.3    86.8   173.3   196.4   302.1   376.4   480.2   942.3  1403.2  1588.5  1853.3  3573.8  7865.2  8981.8  39649.0    39646
read      602.7   734.1    80.4   173.6   196.2   302.5   375.7   474.3   910.5  1391.0  1574.4  1844.8  3550.3  7637.2  8129.4  63314.8    63535
read      598.7   710.4    74.4   173.8   196.8   302.4   373.5   465.8   896.6  1394.2  1579.7  1847.4  3518.9  7066.3  8109.1 111692.6   111750
read      593.9   695.6    86.8   173.3   196.1   301.7   371.7   460.4   888.3  1391.9  1565.9  1837.4  3473.5  5081.1  8051.9 178564.2   178544
read      596.7   703.7    80.4   172.8   196.2   301.0   372.1   463.6   897.4  1395.4  1578.1  1853.4  3452.2  5867.9  8103.1 143706.8   143598
read      598.9   705.4    86.8   173.3   196.7   302.1   373.4   468.0   924.6  1402.0  1581.4  1843.5  3474.4  6752.7  8099.2 123416.0   123314
read      597.8   707.6    80.4   172.8   196.3   301.7   372.1   465.1   916.2  1400.1  1577.7  1841.1  3489.3  7089.3  8108.3 116746.2   116900
read      599.2   709.9    80.4   173.6   196.6   301.7   372.2   467.1   914.3  1401.3  1580.8  1844.4  3469.1  7158.6  8116.1 111651.4   111580
read      597.3   701.2    80.4   172.9   195.8   301.1   372.6   471.7   924.8  1397.7  1579.2  1839.7  3430.8  6394.4  8113.4 128887.0   129042
read      587.3   684.6    80.4   172.1   195.3   301.8   375.8   482.7   860.6  1353.0  1549.6  1818.2  3358.6  5853.3  8128.0 129991.6   129909
read      521.6   600.1    86.8   173.5   195.6   298.3   373.4   454.0   571.0   874.9  1401.6  1682.7  2998.3  4943.3  8103.7 176580.6   176569
read      529.9   787.2    80.4   173.9   193.2   295.4   370.0   434.4   512.1   703.6  1316.4  1633.8  3616.4  8021.6  9432.4  18605.8    18561
read      463.6   574.4    86.8   168.4   187.8   285.3   351.0   404.2   460.5   574.3  1078.0  1545.8  2834.6  7543.8  8913.5  82885.8    82982
read      479.7   609.5    80.4   161.9   182.2   287.4   354.9   413.0   478.9   637.3  1191.1  1567.3  2901.8  7685.5  8134.4  53106.0    53156
read      474.2   577.7    80.4   155.2   176.0   280.2   341.4   394.1   454.8   622.3  1301.4  1614.1  2917.1  5014.6  8068.2 141102.4   141177
read      428.5   608.0    68.9   129.3   144.9   254.0   331.1   393.6   453.1   545.0   843.6  1481.5  2565.4  7814.2  8132.6  24532.0    24545
read      377.9   529.5    74.4   126.4   143.1   237.8   303.4   354.1   397.8   458.1   567.6  1400.1  2530.6  7671.7  9376.6  17995.2    18002
read      462.7   567.4    80.4   156.0   177.1   270.4   323.9   375.8   436.9   590.9  1308.5  1597.5  2850.9  5087.0  8061.2 131685.2   131807
read      332.5   413.2    63.8   123.1   138.3   226.5   279.9   325.7   372.4   437.9   539.9   888.5  2302.6  3685.2  8071.0  43085.6    43050
read      267.9   160.4    63.8   118.3   131.5   236.2   290.4   326.1   354.5   387.7   430.8   514.1   760.1  1742.3  3784.5  51040.8    51137
read      587.2   666.3    80.4   173.1   196.3   301.0   371.2   466.5  1002.8  1393.0  1545.6  1759.7  3330.9  4585.9  8045.4 163358.0   163650
read      487.8   601.8    74.4   149.4   170.9   278.3   351.2   428.1   539.7   756.2  1312.8  1622.3  2859.5  7439.9  8136.9  65958.4    66060
read      235.2   112.5    63.8   119.7   134.0   233.5   262.2   276.5   287.7   299.7   317.2   348.9   436.9  1496.9  3049.3  22222.8    22129
read      230.2    74.8    74.4   121.0   137.0   233.5   258.2   270.8   280.1   291.4   306.2   329.3   380.7   469.9  2539.8  18822.2    18840
read      247.4   122.3    68.9   115.6   127.3   241.8   286.5   309.9   327.4   349.1   375.3   411.2   480.0   775.5  3663.2  47823.2    47897
read      568.9   652.0    80.4   170.9   193.1   297.7   369.7   458.3   804.4  1339.0  1514.2  1734.8  3264.9  4834.8  8077.2 132972.8   132763
read      254.0   258.9    59.1   120.6   134.6   229.3   260.8   277.0   289.7   305.1   327.4   376.5  1199.6  3136.2  7992.3  23004.6    23044
read      573.1   651.5    80.4   172.3   195.0   298.1   368.3   460.0   840.5  1353.1  1524.9  1750.2  3226.4  4540.7  8079.0 171914.8   171915
read      325.8   542.8    74.4   125.5   141.3   223.3   259.3   282.8   302.9   337.2   412.1   888.9  2223.0  7870.3  8832.6  19278.0    19334
read      564.3   651.5    80.4   169.7   192.4   296.7   367.5   455.8   750.3  1326.4  1498.3  1719.3  3274.2  5592.8  8104.3 125553.6   125579
read      253.7   194.9    68.9   118.8   131.5   238.2   276.7   296.3   311.6   330.1   356.6   400.4   716.2  2540.5  7673.8  34241.8    34383
read      587.8   676.6    80.4   173.3   196.4   300.5   371.0   465.8   951.2  1388.5  1545.6  1778.9  3331.9  4981.4  8093.7 158691.6   159031
read      588.4   691.4    80.4   172.9   195.9   299.1   367.9   458.0   889.2  1382.4  1555.4  1802.8  3476.0  5491.5  8096.4 134227.2   134136
read      591.9   695.2    80.4   172.3   195.3   299.6   369.1   459.3   864.1  1394.2  1574.4  1837.2  3472.4  4984.6  8074.9 164353.4   164266
read      596.6   705.0    80.4   173.2   195.3   299.2   371.7   467.7   927.8  1404.0  1585.4  1846.5  3349.3  7261.8  8134.6  99395.8    99195
read      585.7   736.3    74.4   168.3   187.5   291.1   366.8   454.8   844.8  1353.2  1533.9  1824.4  3467.9  7750.2  8992.6  51671.2    51531
read      594.7   696.1    80.4   173.3   195.9   300.4   372.4   465.8   919.5  1396.7  1573.2  1839.1  3399.6  5424.3  8108.6 146631.0   146794
read      600.3   705.5    74.4   173.7   196.5   303.2   377.6   480.1   942.1  1401.1  1579.2  1844.9  3429.8  7123.2  8119.4 108319.8   108372
read      557.7   636.3    80.4   173.6   194.5   303.2   395.3   532.5   741.0  1129.2  1439.7  1713.6  3053.4  7190.2  8121.5 108051.8   107914
read      481.0   529.0    80.4   169.9   189.8   296.7   388.4   484.7   583.6   725.0  1072.8  1488.5  2647.1  7039.1  8103.4 111141.4   111421
read      365.0   397.8    74.4   131.2   148.3   255.0   324.1   383.3   439.0   516.7   633.3   938.8  2379.0  3422.8  8018.7  75165.6    75121
read      348.3   386.5    68.9   126.8   142.2   244.3   308.5   361.2   405.9   468.2   571.3   901.2  2227.0  3429.3  7907.9  52665.4    52675
read      516.5   592.0    80.4   151.1   172.7   280.8   357.7   435.0   649.9  1110.1  1420.9  1663.2  2767.6  4069.8  8092.8 120608.0   120632
read      206.9   142.4    63.8   108.1   123.8   202.5   222.8   233.3   241.6   251.1   264.6   286.5   390.0  2027.9  7690.9   7435.4     7372
read      587.4   669.4    80.4   173.6   196.8   300.1   372.2   470.8   997.8  1386.7  1541.2  1762.5  3339.5  4821.6  8103.3 152335.6   152583
read      541.3   645.6    80.4   168.2   189.8   291.9   360.6   433.0   588.8  1197.5  1477.6  1716.0  3239.1  7131.4  8101.8 101419.8   101484
read      272.2   335.6    74.4   121.8   136.1   229.3   265.2   284.1   297.0   316.2   346.9   432.4  1476.0  5770.0  8054.3  23983.6    23959
read      586.4   674.0    86.8   173.3   196.4   300.1   370.9   465.6   961.8  1384.0  1539.8  1763.5  3351.6  4742.7  8095.9 146317.6   146209
read      463.3   525.9    74.4   143.6   165.5   287.6   374.2   470.7   573.5   716.3   996.0  1486.2  2540.4  7042.3  8118.8  74997.4    75099
read      243.8   100.0    63.8   116.5   128.6   243.7   283.2   303.0   317.2   335.4   358.6   392.6   459.2   743.1  2865.6  40031.2    39946
read      244.3    93.3    68.9   117.3   129.7   244.7   283.7   303.3   317.2   335.2   358.5   392.8   457.2   578.1  1931.5  38982.2    38762
read      271.2   137.7    68.9   120.2   133.3   241.5   306.9   349.6   380.4   413.8   454.0   513.0   640.1   862.9  2939.3  92683.6    92506
read      590.5   673.6    80.4   173.0   196.4   303.4   372.0   468.5   992.5  1390.6  1550.5  1787.4  3329.4  4722.9  8080.8 169721.8   169919
read      596.7   710.1    80.4   172.7   196.3   302.9   370.3   466.9   916.1  1390.9  1564.1  1814.5  3521.1  7335.4  8105.8  88178.0    88331
read      590.3   697.2    80.4   171.7   195.2   299.4   368.6   462.3   863.4  1384.2  1565.7  1834.6  3500.9  4953.4  8104.5 172644.0   172554
read      594.4   706.9    80.4   173.0   196.1   299.9   369.9   461.7   921.4  1388.9  1556.6  1817.7  3487.7  7292.1  8115.8  94306.0    94380
read      558.7   643.7    86.8   173.5   195.3   300.6   374.2   470.2   674.9  1216.9  1485.6  1756.1  3241.4  4667.6  8054.4 157143.6   157069
read      418.9   547.2    86.8   158.0   173.9   263.7   325.4   377.2   429.2   518.2   723.8  1435.1  2703.2  7637.5  8135.4  64417.2    64426
read      380.3   531.3    68.9   128.9   143.9   234.7   299.7   351.5   398.7   471.5   632.6  1364.3  2515.3  7664.1  9344.0  27103.2    27114
read      585.7   662.2    80.4   173.2   196.2   300.5   373.5   491.9   978.2  1379.9  1535.7  1751.3  3284.1  4719.3  8083.5 146807.2   146723
read      583.7   712.8    86.8   170.6   193.8   292.6   362.1   461.9   872.7  1347.0  1524.1  1779.0  3501.6  7563.6  9433.0  74410.4   129322
