Timestamp start: 1746893435855
Timestamp end: 1746894436178

#type       avg     std     min      p5     p10     p50     p67     p75     p80     p85     p90     p95     p99    p999   p9999      QPS   target
read      257.7   121.4    93.8   147.6   163.9   240.9   272.2   291.8   307.1   325.9   354.2   404.8   590.1  1352.4  3224.6   8189.0     8195
read      364.3   252.8    80.4   165.0   187.7   308.8   376.6   423.0   460.4   509.1   582.2   713.5  1201.9  3036.5  7773.9 158576.4   158594
read      314.6   171.0    80.4   155.2   174.8   281.6   337.1   371.9   399.4   434.4   484.8   574.4   813.1  1691.2  5724.2 149811.8   149766
read      258.3   180.8    86.8   140.9   157.0   240.5   272.0   290.7   305.2   322.6   347.1   393.6   609.0  2406.2  7716.4  10415.0    10382
read      512.4   485.2    86.8   199.3   224.9   350.1   443.2   521.7   597.5   743.0  1116.4  1479.0  2333.8  4833.6  8084.8 170288.6   170548
read      398.3   260.2    93.8   205.1   229.6   352.8   421.0   461.5   492.8   532.1   587.2   688.4  1059.1  3723.7  7794.0 150697.0   150565
read      362.7   238.1    86.8   171.9   194.9   314.3   385.8   431.5   465.7   506.7   563.5   659.3   973.8  3229.8  6916.1 137252.2   137144
read      309.6   184.0    80.4   149.0   167.0   272.9   330.2   366.9   395.7   432.1   483.9   575.0   838.0  2113.1  6044.7 143425.6   143496
read      304.6   186.7    86.8   148.8   166.5   268.1   322.4   357.5   384.7   419.7   469.4   563.9   845.7  2450.1  5399.7 144891.4   144743
read      271.1   148.9    86.8   132.5   146.6   238.0   294.2   327.6   352.9   384.1   427.0   503.7   716.8  1479.2  3282.2 116906.2   116745
read      271.7   162.5    80.4   135.3   150.0   239.2   291.7   323.1   347.4   378.0   420.4   494.6   700.6  2088.6  4222.4 129634.2   129314
read      303.8   257.3    80.4   145.5   163.0   262.4   315.1   346.9   372.4   403.8   449.7   530.3   976.2  3540.7  7782.7 145034.2   144723
read      273.8   226.0    80.4   131.9   146.1   235.8   288.6   318.9   341.7   369.2   405.2   470.5   797.5  3279.9  7124.4 117313.4   117379
read      256.3   147.6    80.4   131.0   144.7   228.7   277.6   307.3   329.1   355.3   389.8   446.2   619.5  2010.4  3920.3 120067.8   119931
read      266.9   146.7    80.4   135.4   150.1   237.9   288.2   318.2   341.1   369.1   406.6   473.6   673.6  1839.5  3512.4 132120.4   132052
read      279.5   153.6    80.4   140.5   156.5   250.0   301.2   332.9   357.3   388.0   429.6   502.7   704.2  1528.0  4181.4 143239.2   143350
read      284.9   157.7    80.4   143.2   160.0   255.5   307.7   339.4   363.9   394.3   435.5   509.5   711.5  1520.8  3956.5 143669.8   143518
read      363.9   210.8    86.8   167.0   189.2   316.0   393.9   442.8   480.2   526.5   588.0   689.0   960.6  2312.7  4946.3 173220.0   172981
read      255.7   163.9    80.4   129.2   142.4   231.3   281.2   309.0   329.1   353.0   384.4   435.1   594.8  2024.2  6506.8  93935.0    94027
read      345.1   180.9    80.4   161.6   182.2   311.0   387.1   429.3   459.5   495.2   541.7   619.7   808.8  1699.4  6128.8 170040.0   170019
read      329.9   150.7    86.8   163.5   184.5   300.9   366.1   405.1   434.1   467.2   508.4   575.5   731.3  1157.1  3547.5 179021.0   179090
read      241.9   100.4    86.8   128.1   140.3   229.7   272.8   294.7   310.5   328.9   353.2   394.1   503.4   842.5  2523.2  47171.6    47130
read      272.9   124.7    93.8   138.6   155.6   264.0   301.8   322.3   338.4   357.4   382.2   424.6   555.8  1565.3  3800.0  19403.6    19439
read      349.0   337.0    86.8   142.8   160.9   272.9   334.2   373.1   404.7   449.6   525.0   764.6  1676.1  3584.2  7977.8 129036.8   128963
read      279.7   137.6    86.8   136.0   151.5   268.6   310.7   333.5   349.7   370.2   397.7   443.3   622.8  1949.8  3575.8  23736.6    23787
read      257.9   173.0    86.8   125.7   137.3   235.3   289.2   316.0   335.0   357.5   387.6   438.2   613.7  2215.5  7223.9  61739.4    61848
read      245.2   138.5    86.8   126.9   139.0   220.0   271.3   301.4   322.4   346.9   377.9   425.7   555.6  1105.6  3802.7 101829.0   101968
read      244.8   116.1    80.4   128.4   140.7   220.7   270.4   299.8   320.8   345.2   375.6   423.9   543.0  1151.1  2356.0 108718.0   108767
read      249.7   143.3    86.8   127.7   139.7   221.4   274.1   304.9   326.2   350.6   381.9   431.6   624.5  1501.2  4097.0  97063.4    97139
read      333.6   171.9    80.4   159.4   180.0   305.6   373.1   409.9   436.0   467.3   508.2   579.6   774.1  2100.5  4680.6 158568.6   158594
read      282.3   153.3    80.4   143.6   160.5   256.4   308.0   338.8   362.5   391.5   430.4   496.5   655.2  1264.4  4791.7 141103.8   141240
read      267.4   132.4    80.4   128.2   140.8   255.4   304.2   330.4   349.0   371.8   401.4   448.0   560.2  1299.5  3983.2  41376.2    41405
read      262.8   127.4    80.4   126.7   138.6   246.8   301.8   329.1   348.3   372.1   403.6   457.3   577.8  1153.6  3364.0  57765.6    57997
read      269.9   129.7    80.4   140.4   155.8   245.9   294.6   323.5   345.2   371.6   406.1   465.2   623.1  1325.0  3182.4 133646.8   133577
read      246.3    98.9    86.8   127.0   138.4   236.4   286.4   309.7   325.3   343.0   366.2   400.5   478.2   722.0  2038.5  53918.4    53832
read      306.2   199.1    86.8   147.1   164.8   269.7   325.3   359.8   386.4   420.2   467.2   553.3   883.9  2547.1  5956.9 139619.0   139832
read      355.6   174.4    86.8   174.0   196.3   320.6   395.5   438.8   469.3   505.3   551.4   627.6   804.7  1591.2  4046.6 170652.8   170515
read      279.0   153.8    80.4   140.4   156.7   254.1   306.7   337.9   361.5   390.1   427.8   486.9   621.4  1220.5  6320.1 128357.8   128494
read      260.2   117.6    80.4   134.1   149.6   252.5   290.7   311.4   326.1   343.6   366.9   401.6   493.1  1053.1  2836.1  20826.6    20789
read      258.0   147.3    80.4   125.8   137.3   235.9   292.7   320.2   339.7   362.7   392.4   442.5   591.7  1902.0  3496.0  63620.4    63647
read      243.1    99.3    80.4   125.2   136.4   227.0   281.6   307.9   325.4   344.9   369.7   406.6   495.4   693.1  2292.6  64836.2    64802
read      244.5   113.7    86.8   126.3   137.5   232.8   283.9   307.7   323.3   341.5   364.3   397.5   472.2   739.8  4214.0  55879.4    55719
read      368.1   181.0    86.8   180.4   206.0   332.3   401.1   445.6   478.6   518.9   572.0   653.1   837.8  1818.2  4921.9 174169.6   174179
read      267.1   170.0    80.4   132.8   147.4   241.9   294.5   324.4   346.4   373.3   408.7   467.0   613.9  1336.1  7852.9 106445.6   106356
read      370.1   164.3    86.8   188.1   212.6   333.4   404.4   449.9   483.1   523.1   575.7   657.7   844.3  1262.1  3122.7 179037.4   178750
read      280.8   156.9    80.4   135.1   150.5   251.0   306.0   338.6   363.7   394.9   437.8   515.3   732.0  1482.5  3454.8 105997.4   105831
read      277.5   171.2    80.4   133.2   147.7   241.3   296.3   328.9   353.7   384.7   428.8   517.0   861.0  1866.1  4353.1 110542.8   110667
read      255.2   253.3    93.8   143.9   162.1   236.9   263.8   279.3   291.5   306.6   327.1   368.7   538.1  3173.7  9234.2   8737.4     8803
read      289.1   211.9    80.4   126.3   139.8   266.7   323.0   352.3   372.7   397.5   430.0   487.4   802.5  2729.3  7406.9  45707.2    45662
read      285.5   181.7    86.8   129.8   143.9   270.3   317.3   341.9   360.1   381.2   408.9   460.7   700.3  2482.1  5802.9  30810.8    30867
read      308.2   280.4    86.8   127.7   141.3   272.0   330.7   362.1   384.1   409.9   445.4   511.7  1219.7  3965.6  7712.7  45462.0    45656
read      414.9   492.4    80.4   137.4   154.2   273.3   346.1   405.4   475.8   605.6   850.2  1254.2  2273.1  6175.3  9118.6 100913.2   100938
read      269.7   184.0    80.4   135.4   150.2   236.3   285.4   315.1   337.7   365.7   403.1   469.8   740.1  2665.4  4660.4 132155.0   132360
read      252.5   223.7    80.4   124.3   135.8   229.2   283.4   310.1   328.4   349.4   377.2   426.1   598.4  1610.3 13331.9  67583.8    67591
read      264.5   129.8    86.8   128.0   140.7   255.0   298.2   321.2   338.6   358.7   384.3   425.9   552.1  1727.7  3130.9  33922.6    33910
read      276.2   267.6    80.4   125.5   137.7   231.5   291.0   323.0   346.3   375.3   417.1   493.7   958.7  4120.3  7839.2  85706.0    85729
read      254.2   114.9    93.8   140.5   157.9   242.8   274.2   292.4   306.0   321.0   344.1   384.3   538.3  1419.3  4044.1  12910.4    12884
read      287.0   218.6    86.8   126.0   139.0   263.7   319.4   348.5   368.6   391.8   421.4   468.8   813.5  3353.1  6996.6  45468.2    45621
read      280.1   189.4    86.8   128.7   141.7   265.4   315.0   340.1   357.8   377.6   402.8   447.1   647.7  2484.2  6816.0  37016.0    36938
read      299.1   239.8    80.4   126.5   139.4   266.9   329.4   363.1   386.5   413.4   448.5   508.2  1076.1  3243.7  7636.2  57036.6    56902
read      313.3   327.3    80.4   129.9   143.3   237.7   296.3   331.4   358.3   394.0   459.4   773.2  1598.5  3983.9  7805.0 102459.6   102243
read      256.4   267.0    86.8   140.2   157.8   241.4   270.5   287.2   299.0   314.9   336.1   370.5   496.8  2515.4 13921.7  14159.0    14085
read      278.2   194.0    80.4   128.0   140.7   234.6   295.3   330.7   357.9   393.0   446.8   551.4   902.1  2302.9  4070.5  94188.2    94103
read      238.9   108.1    80.4   123.8   134.6   226.0   276.1   299.6   315.4   333.6   356.2   391.9   481.1   790.7  4051.7  58263.6    58175
read      273.5   134.0    80.4   141.2   157.2   245.5   293.7   324.0   347.7   378.4   421.6   494.4   666.8  1240.6  3396.6 151148.4   151312
read      237.8   126.3    80.4   123.2   134.3   214.2   267.3   296.1   315.6   337.8   365.5   406.7   515.0  1095.7  4317.9  83361.8    83333
read      299.9   161.6    80.4   151.7   170.1   270.4   321.7   354.1   378.9   410.2   454.8   529.7   720.4  2248.4  3709.0 164924.0   165153
read      250.9   135.7    80.4   130.2   143.3   224.1   271.9   301.1   322.4   348.5   383.4   438.3   594.9  1590.8  4247.9 123925.4   123975
read      265.3   155.6    86.8   130.3   143.8   256.3   295.8   316.6   331.8   348.8   372.4   411.6   548.3  2047.9  4645.8  28464.2    28449
read      253.6   103.4    93.8   139.0   156.5   247.7   276.8   292.9   305.3   319.8   340.7   374.2   480.2  1180.1  2482.9  14979.2    14903
read      283.5   214.3    86.8   129.8   143.3   264.4   309.4   332.9   349.1   369.6   397.7   451.1   829.3  3157.9  6672.7  31088.8    31189
read      277.3   151.8    86.8   126.9   139.5   264.6   316.6   343.3   362.3   383.9   411.2   456.4   635.3  1800.0  5595.4  40735.2    40636
read      259.4   164.1    80.4   124.8   136.4   227.5   286.7   317.3   339.3   366.2   402.3   467.0   684.5  2214.0  3988.5  80409.6    80574
read      317.1   179.4    80.4   158.1   177.7   285.7   341.0   375.1   401.4   434.3   480.8   560.5   773.5  2321.4  6087.0 168649.0   168820
read      299.5   143.8    80.4   151.4   169.8   271.9   324.4   357.6   382.9   414.3   458.2   531.7   719.7  1430.6  3350.0 162400.2   162621
read      247.7   141.7    80.4   126.6   138.8   221.9   273.1   302.6   323.2   347.3   379.6   431.5   578.8  1385.8  4956.8 101441.0   101621
read      246.3   128.6    86.8   124.3   135.4   230.5   281.2   305.2   321.0   340.7   365.7   404.9   528.5  1580.7  3732.2  58542.2    58592
read      279.7   146.7    80.4   143.7   160.5   250.0   297.8   328.5   352.7   384.3   429.0   505.2   695.4  1577.6  3920.0 153153.2   153042
read      241.0   121.7    80.4   126.7   138.8   215.7   263.4   292.0   313.0   337.6   368.4   418.0   562.9  1363.8  2736.5 112079.6   112238
read      286.2   149.9    80.4   148.2   165.3   259.0   307.8   338.2   362.3   392.8   434.7   506.7   681.8  1410.5  3876.8 160332.8   160265
read      235.1   136.3    86.8   123.7   134.4   223.7   271.4   293.8   309.0   325.6   346.1   378.4   452.5   613.3  7445.8  57241.4    57109
read      238.1   112.5    74.4   123.6   134.8   213.9   267.1   296.5   316.4   339.0   367.4   411.6   534.8  1010.5  2703.7  88450.0    88551
read      237.8   127.0    93.8   140.7   158.1   228.8   252.9   267.4   277.4   291.3   310.5   343.5   438.2  1231.4  5497.8   8405.6     8385
read      280.0   218.1    86.8   128.6   141.6   263.6   310.6   334.6   351.2   370.8   396.7   439.3   713.3  3512.4  7576.4  34135.0    34088
read      310.2   302.5    80.4   131.3   145.1   235.7   290.9   324.3   350.7   386.4   448.2   785.3  1591.7  3051.4  7558.5 113563.2   113600
read      251.3   149.1    80.4   132.3   145.8   225.2   270.6   298.8   319.8   345.3   379.3   434.7   592.7  1616.3  4716.8 131694.8   131842
read      239.5   111.0    80.4   126.9   138.9   215.0   262.6   291.5   312.5   336.9   367.6   415.4   546.4  1170.9  2221.3 112077.0   112066
read      235.7    96.0    74.4   123.0   133.8   217.4   271.3   298.1   315.7   335.6   360.0   396.3   481.4   768.1  2095.8  72663.4    72585
read      251.7   138.5    80.4   132.6   146.5   226.7   271.9   299.8   320.2   345.6   379.3   433.2   576.5  1702.2  4302.7 133743.8   133669
read      242.0    85.3    86.8   140.4   157.4   236.1   262.9   277.8   289.6   303.3   320.5   353.5   442.8   975.3  1967.4  11839.2    11820
read      244.7    95.5    86.8   139.8   157.1   239.1   266.7   282.1   293.1   306.8   322.9   352.0   434.3  1156.4  2703.9  12654.6    12639
read      332.4   355.9    74.4   133.1   148.3   245.3   299.2   332.5   358.8   394.6   461.8  1021.6  1740.6  3440.9  7698.5 118333.4   118548
read      304.3   156.1    80.4   153.2   171.9   275.8   330.7   364.7   390.8   423.3   466.4   540.0   719.8  1313.2  5312.2 165654.6   165754
read      237.1   102.9    80.4   123.6   135.0   215.0   267.4   296.1   315.6   338.1   366.3   408.9   509.0   776.6  2474.5  86881.6    86823
read      249.7   120.4    93.8   137.2   153.1   241.7   271.4   288.1   299.8   315.2   335.7   369.3   469.6  1575.6  3937.5  16889.6    16898
read      358.8   360.9    80.4   139.8   156.8   264.1   321.5   361.5   395.2   445.7   555.0  1089.4  1805.7  3414.6  7672.9 123168.6   123124
read      237.9   117.1    80.4   123.1   133.9   218.3   272.5   299.4   317.0   337.2   362.3   399.6   496.0   910.0  4383.5  72255.6    72278
read      265.2   140.2    80.4   125.5   137.8   251.7   302.3   329.4   348.3   371.0   399.8   444.7   568.7  1604.6  3540.1  47646.6    47757
read      274.9   251.9    80.4   125.1   137.0   241.0   295.9   323.7   344.1   369.6   404.0   470.8   935.2  3698.6  8057.5  60710.4    60510
read      261.2   152.0    86.8   131.2   145.1   255.0   292.3   312.1   325.9   342.5   364.5   398.6   502.8  1439.4  7242.3  25265.2    25237
read      281.7   211.2    86.8   128.6   141.5   233.7   293.3   328.5   355.6   391.2   447.9   580.0  1035.0  2009.2  6990.1  97697.2    97783
read      259.8   151.3    80.4   130.9   144.3   228.4   279.3   310.4   333.3   361.6   399.7   469.5   709.2  1551.8  5009.4 118819.2   118966
read      261.1   202.6    93.8   139.0   155.3   248.1   278.9   295.8   309.4   324.6   346.0   386.1   544.2  2337.2  9453.5  16682.2    16631
read      254.3   141.9    86.8   140.8   159.3   244.9   274.1   290.7   302.9   317.8   338.9   372.4   472.9  1530.0  7633.5  11741.4    11743
read      318.4   306.0    80.4   133.3   147.6   241.6   298.1   332.9   360.9   399.0   471.8   831.6  1584.7  3269.7  7426.8 114862.8   115026
read      254.5   172.6    80.4   131.1   144.2   223.5   270.7   299.3   320.1   345.3   378.8   434.4   676.5  2343.2  4858.9 122662.2   122371
read      236.0   136.9    93.8   140.7   155.8   225.7   250.6   265.3   275.2   289.4   308.1   341.9   456.4  1362.1  7360.6   7258.4     7198
read      281.8   245.2    86.8   132.7   147.3   263.0   302.5   323.4   338.7   357.1   381.7   428.1   772.5  4326.6  8680.9  25007.6    25022
read      393.8   340.4    80.4   168.5   192.1   311.6   380.7   427.8   464.8   513.9   589.5   847.2  1701.1  3660.9  7776.1 157137.8   157513
read      345.3   196.9    86.8   164.8   185.8   305.6   377.9   423.0   456.1   495.9   547.3   631.3   828.9  1997.6  7720.9 171818.8   171975
read      299.3   150.4    86.8   150.7   168.2   269.0   323.8   359.0   385.9   419.3   464.3   539.9   721.0  1320.8  3322.3 154999.6   154918
read      273.3   157.4    80.4   138.7   153.4   240.3   291.6   323.5   348.5   380.8   425.7   505.0   703.3  1603.9  4131.2 139073.2   139185
read      284.1   167.3    80.4   145.9   162.8   254.1   301.3   331.4   355.2   385.7   428.3   503.6   727.0  2017.6  5194.5 152428.6   152724
read      254.2   189.8    86.8   133.0   147.1   238.3   274.4   294.7   309.9   327.6   352.2   396.6   584.7  1907.5  8324.2  20885.2    20845
read      316.8   267.7    80.4   144.0   161.2   260.5   315.0   349.8   378.1   416.1   473.0   602.1  1524.9  3245.2  7296.8 140026.8   140348
read      239.2   111.4    80.4   124.9   136.3   215.7   269.0   298.3   318.0   340.8   368.3   410.6   525.2   939.0  3113.8  88835.0    88725
read      258.9   152.3    80.4   135.5   149.8   232.1   279.5   308.4   330.0   356.7   392.3   452.1   623.7  1243.9  6898.1 134021.2   134088
read      240.1   106.4    86.8   124.8   135.6   224.0   277.0   302.4   319.0   338.5   362.8   399.0   490.9   761.8  3011.7  66102.2    66126
read      237.7   110.6    86.8   124.4   135.4   216.5   271.0   299.1   317.7   339.0   365.3   403.4   499.3   764.4  2839.0  78324.2    78214
read      255.3   208.9    86.8   126.5   137.6   232.8   282.8   306.1   321.4   340.3   364.7   403.9   639.4  3295.8  6645.9  55277.4    55191
read      243.4   108.6    86.8   126.3   137.4   232.4   280.6   303.3   318.2   336.0   358.2   393.6   492.1   964.5  3269.3  53991.2    54081
read      249.2   161.1    80.4   129.8   142.3   222.1   271.4   300.9   321.8   346.9   379.6   431.3   586.2  1477.0  6045.6 112681.2   112478
read      355.2   200.2    80.4   171.0   193.1   318.4   388.5   429.2   460.3   499.3   553.0   647.3   884.2  1711.7  4360.6 179385.8   179666
read      250.8   138.9    80.4   130.6   143.8   228.9   277.1   305.0   324.5   347.8   378.2   427.1   560.3  1116.0  4328.0 100553.8   100584
read      250.1   123.7    80.4   133.0   146.7   225.9   271.7   299.9   320.3   345.3   378.3   431.1   576.6  1171.5  3314.6 128060.0   127920
read      231.9    91.7    86.8   138.9   154.2   223.7   248.1   262.8   273.4   287.6   305.6   336.8   432.3  1179.4  2261.1   6606.6     6594
read      260.5   111.5    93.8   131.7   145.8   257.3   294.9   314.3   328.4   344.8   367.1   399.9   479.1   969.6  3803.6  25108.0    25020
read      315.7   302.0    80.4   138.3   153.6   250.4   303.0   335.4   360.8   393.1   441.9   590.1  1664.3  3349.4  7329.7 129381.6   129587
read      241.8   159.3    93.8   140.9   157.8   231.4   257.0   271.8   283.5   296.8   316.0   346.2   433.5  1491.6  7639.9  10280.2    10277
read      353.2   317.4    86.8   156.5   177.2   284.4   339.9   377.3   407.6   449.3   510.8   679.2  1667.9  3406.4  7803.3 148671.6   148458
read      240.0   107.7    80.4   125.2   136.2   223.9   276.0   301.3   317.9   337.0   360.7   396.5   490.8   870.4  2711.6  66054.6    66114
read      282.0   201.0    86.8   127.5   139.7   258.0   312.1   341.1   362.0   386.1   417.4   467.7   879.9  2814.6  5199.0  49273.4    49261
read      348.3   352.1    80.4   143.3   161.1   267.3   322.9   360.6   391.7   434.2   508.6   785.0  1737.9  3721.3  7965.2 132812.8   133049
read      243.7   133.0    80.4   127.7   139.4   216.4   265.6   295.0   316.1   340.3   370.7   419.4   587.2  1594.8  4047.4 106883.4   106628
read      261.1   111.0    80.4   134.5   149.2   254.8   291.8   312.3   326.7   343.5   367.1   403.8   525.2  1076.8  2694.3  23496.4    23498
read      331.9   320.5    80.4   132.2   146.3   245.3   307.6   345.2   376.0   422.9   538.0   935.3  1656.0  3087.8  7384.7 103372.6   103564
read      327.8   183.6    86.8   157.5   177.2   292.9   357.0   396.0   425.9   462.7   512.2   598.7   811.1  1659.0  6560.6 161832.8   161774
read      265.1   120.1    86.8   127.9   140.3   254.1   302.4   328.5   346.3   368.1   395.4   436.1   568.5  1284.0  2855.9  38937.4    39037
read      365.2   251.7    86.8   165.5   187.8   307.6   380.2   427.3   463.9   509.7   575.4   691.2  1436.4  2873.6  7421.4 163803.8   163622
read      267.1   145.2    80.4   135.9   150.4   237.1   288.8   319.8   343.9   373.3   414.0   482.6   661.8  1350.7  4847.0 132334.8   132405
read      268.5   150.7    86.8   137.1   151.5   237.7   287.9   318.2   341.8   370.9   411.2   483.0   693.4  1652.9  4167.7 131508.2   131596
read      339.5   167.8    86.8   168.1   189.3   308.9   371.9   407.7   434.7   468.0   515.7   602.3   834.1  1751.4  4285.1 174609.6   174543
read      250.7   136.6    80.4   127.7   139.8   225.4   277.2   306.2   326.2   350.1   381.6   433.9   617.3  1371.1  4961.4  90591.4    90567
read      284.1   230.5    80.4   133.0   147.2   237.8   293.6   327.1   352.7   385.3   433.2   543.8  1000.5  2933.8  4890.3 116620.0   116582
read      252.7   101.3    93.8   140.4   157.1   243.9   273.8   291.3   304.3   319.5   342.1   383.3   518.9  1199.5  2506.7  13865.4    13888
read      307.4   293.1    80.4   135.1   149.7   244.6   298.3   331.7   357.6   390.9   443.2   592.8  1605.1  3453.3  7507.7 119176.4   119224
read      329.4   189.7    86.8   156.6   176.6   289.2   350.2   390.3   422.0   463.4   524.1   630.4   904.9  1710.2  5798.9 156143.4   156471
read      324.3   160.5    86.8   159.3   179.2   294.4   353.6   389.2   416.2   450.4   497.6   580.8   793.3  1645.6  3448.5 164159.6   164013
read      254.1   122.1    80.4   127.6   139.9   241.4   286.3   310.4   328.0   348.5   376.3   421.7   541.1  1241.2  4237.7  41919.8    41909
read      337.1   318.7    80.4   141.4   158.3   263.8   320.9   357.9   387.0   426.3   493.6   713.6  1724.8  3343.2  7512.3 128285.2   128280
read      254.3   151.8    86.8   128.9   141.1   222.6   273.5   303.9   325.7   352.0   386.8   447.7   730.9  1834.0  3723.3 106704.4   107066
read      268.9   125.4    86.8   127.6   139.5   257.6   309.5   337.5   357.2   379.3   406.2   447.9   554.1  1240.7  3173.6  45914.6    46119
read      245.6   126.1    93.8   141.0   158.9   236.8   264.4   279.8   292.0   307.0   326.3   361.4   449.6  1277.0  7176.0  10324.4    10227
read      251.3   175.8    93.8   141.3   158.9   240.8   269.1   285.1   296.2   311.6   331.6   366.1   468.1  1933.4  7475.3  10874.2    10870
read      372.5   348.3    80.4   158.7   179.9   295.1   356.2   395.3   427.2   469.4   541.8   784.8  1731.9  3516.4  7967.2 146514.4   146664
read      256.3   295.4    86.8   138.3   153.2   247.8   279.6   296.5   309.5   323.6   343.5   374.8   456.1   779.8 17975.8  19953.2    19865
read      498.8   429.7    86.8   166.9   188.0   319.8   495.0   647.9   759.4   894.4  1070.6  1330.4  1872.7  3257.4  7981.4 113300.2   113409
read      267.1   123.5    80.4   128.3   140.6   250.2   311.9   343.4   364.5   387.7   415.2   456.1   543.2   758.8  3302.2  70749.4    70623
read      262.1   108.1    80.4   128.1   140.1   254.3   308.5   334.5   352.0   371.1   395.1   429.8   504.4   655.2  3080.0  52355.2    52633
read      341.8   180.8    86.8   145.9   163.5   295.5   386.3   439.1   474.9   517.1   573.5   670.8   927.3  1370.8  2361.2 104473.6   104630
read      265.0   113.5    86.8   129.8   142.3   261.9   309.6   332.8   348.3   366.8   389.7   424.4   502.0   741.6  2635.3  42612.6    42594
read      320.8   167.8    86.8   140.7   157.3   286.6   362.4   404.4   433.9   468.4   516.7   600.6   851.3  1442.9  2824.5  95107.4    95196
read      272.3   117.9    86.8   129.6   142.4   262.3   317.5   343.9   362.6   383.7   410.1   454.8   573.5  1018.6  2035.0  52265.2    52243
read      287.2   152.8    86.8   133.9   148.2   272.6   320.2   345.3   364.8   388.3   421.2   484.0   747.2  1637.7  3920.6  37008.4    37031
read      293.6   175.3    86.8   133.1   147.2   273.7   325.3   352.7   373.0   398.8   434.8   508.3   818.0  2003.4  4636.3  39924.6    39878
read      522.5   383.5    86.8   173.8   197.6   384.3   581.1   699.2   787.1   892.4  1028.2  1252.9  1752.4  2822.9  7444.7 111023.4   110750
read      257.8   108.5    93.8   145.0   163.1   247.1   275.9   292.7   306.0   321.3   345.5   391.2   541.9  1174.7  3822.2   8269.2     8231
read      282.5   170.1    86.8   129.5   142.6   262.9   323.8   355.3   376.8   402.0   434.9   492.8   664.6  1259.1  6912.3  63592.0    63638
read      337.1   200.5    80.4   141.7   159.5   297.7   373.6   416.0   447.2   486.4   543.7   654.5   992.4  1917.2  4974.0  90159.8    90167
read      274.8   135.1    86.8   129.9   142.8   262.6   317.4   343.9   362.9   384.7   412.1   458.7   604.8  1345.1  3379.3  50687.0    50555
read      263.5   103.0    86.8   143.1   160.9   258.8   289.8   307.0   319.0   335.8   358.0   396.8   504.5   803.1  3053.9  15957.4    15997
read      267.0   111.2    86.8   130.3   142.9   262.1   311.1   334.8   350.9   369.9   394.3   431.0   525.2   832.0  1765.7  43166.2    43089
read      257.4    93.9    93.8   146.4   165.3   252.8   280.6   296.3   308.9   322.2   342.4   374.2   459.3   930.1  4038.2  12221.4    12188
read      271.0   119.2    86.8   129.4   142.2   253.3   316.6   349.3   371.4   395.5   424.3   466.2   562.8   749.2  2052.1  76502.6    76615
read      570.2   593.0    86.8   186.9   208.3   308.4   409.9   641.0   885.5  1174.4  1420.4  1659.7  2871.9  4374.5  8036.7 143783.0   143480
read      376.0   361.9    86.8   139.5   157.9   281.1   353.8   403.9   450.2   525.4   676.1   972.4  1660.0  3640.3  8003.5  63995.0    63793
read      266.1   132.5    86.8   127.8   139.7   248.7   310.9   342.2   363.2   386.3   413.8   454.4   541.7   851.0  4813.0  71981.6    71996
read      260.9   102.9    86.8   129.2   141.2   258.4   304.8   326.9   341.9   359.7   380.9   414.0   489.6   803.4  2886.9  41820.0    41778
read      255.4    82.2    86.8   138.2   153.3   255.3   286.7   303.3   315.3   329.9   347.0   375.7   436.8   567.3  2119.1  21874.8    21860
read      264.0   162.7    86.8   128.8   140.9   258.0   307.7   331.3   346.7   365.3   387.9   422.3   501.0   925.5  7843.1  45787.2    45582
read      278.2   135.1    86.8   130.6   144.0   255.9   320.8   356.0   379.4   404.7   436.1   486.8   615.5  1129.4  3164.8  82072.8    81972
read      260.0   110.5    86.8   128.7   140.8   257.2   303.7   326.1   341.4   359.4   381.2   414.5   488.9   662.0  2762.9  42720.4    42852
read      263.0   140.7    86.8   127.5   139.4   254.3   307.2   333.0   350.2   369.7   394.0   429.5   511.9   878.5  7036.5  52016.8    51852
read      389.7   254.9    86.8   152.7   171.8   308.9   427.2   500.2   550.3   613.2   699.6   860.6  1256.6  1909.2  3793.8 109368.8   109368
read      265.4   113.3    86.8   128.6   140.9   256.0   311.0   338.0   356.3   375.8   400.9   437.9   530.7   852.8  2102.9  55506.6    55794
read      270.1   132.7    86.8   134.4   148.0   265.9   308.3   329.5   344.2   362.4   385.1   422.2   532.9  1316.4  5596.1  35488.4    35534
read      284.6   138.8    80.4   133.6   148.0   261.7   329.4   366.3   391.2   418.4   451.1   500.1   612.6   844.4  3385.9  90490.4    90576
read      290.0   138.5    80.4   135.1   149.7   263.3   334.1   374.1   400.7   429.6   464.0   515.7   635.9   907.8  3469.9  94906.4    95085
read      304.1   147.8    80.4   138.9   154.6   273.0   348.5   392.8   422.2   454.4   493.8   552.3   693.7   955.4  3584.8  99978.6   100029
read      265.6   116.0    86.8   128.3   140.5   249.4   311.2   342.5   363.7   386.7   413.9   453.9   536.5   730.0  2006.7  72395.8    72551
read      274.6   127.5    86.8   130.5   143.8   252.6   318.1   353.9   377.4   402.6   433.4   479.8   586.2   811.5  3576.9  84916.4    84629
read      265.5   119.6    86.8   127.9   140.1   248.2   310.9   342.7   364.0   387.4   415.1   455.3   538.1   721.4  2176.5  73995.2    74136
read      561.7   582.7    86.8   185.0   206.5   306.5   412.3   637.0   862.7  1136.3  1395.8  1632.2  2745.5  4681.1  8120.6 130854.8   130756
read      321.0   304.3    86.8   132.7   147.9   267.5   334.2   373.5   402.1   439.7   503.7   671.1  1250.0  2547.7  9810.7  69823.0    69916
read      271.9   157.7    86.8   128.4   141.0   252.4   314.8   346.6   368.3   392.5   422.1   465.8   585.0  1010.3  7708.0  72034.6    72019
read      276.6   238.4    80.4   129.7   143.0   254.9   319.1   352.6   374.7   399.4   429.3   473.7   593.2  1042.9  4095.3  77709.2    78070
read      313.9   203.3    80.4   140.3   156.5   279.3   355.8   399.0   428.3   461.4   503.6   576.4   776.0  1335.8  7606.4  99671.6    99548
read      267.5   104.6    80.4   131.4   144.4   263.9   307.7   329.9   345.0   364.2   388.6   428.1   541.6   922.9  2219.8  36407.6    36393
read      548.8   574.8    80.4   180.7   203.2   305.5   410.3   605.8   807.5  1071.2  1359.5  1602.5  2775.9  4423.2  8979.5 172780.8   172591
read      329.0   550.6    86.8   140.0   153.2   230.3   266.9   291.2   313.0   347.9   444.0   807.1  1816.4  7874.2  9381.6   8318.2     8325
