#type       avg     std     min      p5     p10     p50     p67     p75     p80     p85     p90     p95     p99    p999   p9999      QPS   target       ts_start         ts_end
read      184.4    75.9    68.9   112.0   121.3   175.0   200.9   215.4   226.0   237.8   254.9   284.5   344.5   650.2  2577.8  29941.4    30000  1744185537017  1744185547153
read      192.1    85.3    74.4   115.4   125.8   181.2   208.6   224.1   234.8   249.8   269.5   299.1   361.8   628.3  3449.7  29952.6    30005  1744185548663  1744185558780
read      186.0    71.6    74.4   113.7   123.4   176.2   201.7   216.4   227.0   239.0   256.4   286.0   346.6   674.7  2334.8  29959.6    30010  1744185560290  1744185570384
read      182.2    70.8    68.9   112.3   121.6   172.9   197.7   212.2   222.6   234.4   251.6   278.8   338.3   489.0  2494.1  30017.5    30015  1744185571893  1744185581992
read      187.8    78.4    74.4   113.2   122.9   177.8   204.7   220.0   230.8   244.3   263.0   292.1   349.9   545.3  3319.2  29979.5    30020  1744185583502  1744185593599
read      192.7    94.1    74.4   114.1   123.8   180.2   208.3   224.5   235.5   251.2   271.7   304.2   376.1  1065.2  3264.4  30003.1    30025  1744185595109  1744185605208
read      192.3    81.8    74.4   114.8   124.9   180.7   209.2   225.3   236.1   251.5   271.7   302.8   369.4   677.8  3529.9  30017.4    30030  1744185606721  1744185616820
read      186.2    75.7    68.9   114.2   123.9   176.2   201.6   216.4   227.0   239.1   256.5   285.6   346.9   654.5  3011.2  30074.8    30035  1744185618335  1744185628436
read      191.9    84.9    74.4   115.8   125.7   181.2   209.0   224.5   234.9   249.2   268.2   297.4   362.7   665.8  3078.8  29921.8    30040  1744185629946  1744185640047
read      184.9    78.3    68.9   113.0   122.6   174.8   200.0   214.7   225.3   237.0   254.3   284.2   345.3   710.7  3047.3  30039.8    30045  1744185641558  1744185651656
read      189.6    84.5    74.4   113.9   123.8   178.1   205.3   221.1   232.2   246.6   266.2   295.9   363.4   772.0  3110.8  30069.1    30050  1744185653167  1744185663263
read      185.0    79.0    74.4   112.8   122.4   175.1   200.6   215.2   225.7   237.3   254.6   284.6   347.4   676.9  2694.6  29978.9    30055  1744185664774  1744185674875
read      186.4    69.5    74.4   114.7   124.4   177.0   202.2   217.1   227.8   240.1   257.2   286.1   346.1   533.5  2399.2  30013.5    30060  1744185676385  1744185686484
read      183.7    80.3    74.4   112.0   121.4   174.0   199.6   214.1   224.5   235.9   253.4   282.3   343.4   548.1  3488.7  30063.1    30065  1744185687996  1744185698092
read      189.6    80.2    74.4   114.7   124.5   179.4   206.7   221.7   232.2   245.8   264.4   293.2   354.1   745.1  3156.6  30053.5    30070  1744185699601  1744185709697
read      188.8    79.0    74.4   114.2   124.1   178.3   205.1   220.4   231.3   245.1   264.1   293.6   353.5   607.6  3267.9  30032.7    30075  1744185711207  1744185721304
read      191.5    73.0    74.4   115.5   125.5   181.0   209.0   224.8   235.3   249.9   269.0   298.1   361.8   583.5  2566.1  29997.4    30080  1744185722814  1744185732908
read      188.2    75.8    74.4   114.2   124.0   178.2   204.6   219.6   230.5   244.0   262.4   291.6   351.6   565.8  2942.5  30039.9    30085  1744185734418  1744185744520
read      183.3    81.2    68.9   111.5   120.5   172.9   198.9   213.9   224.7   236.6   254.7   286.1   347.0   554.2  2990.3  30032.9    30090  1744185746030  1744185756130
read      186.4    69.9    74.4   113.8   123.3   177.3   203.7   218.7   229.4   241.9   259.2   286.9   341.5   484.8  2501.9  30025.6    30095  1744185757640  1744185767734
read      184.8    79.7    68.9   113.4   122.9   174.8   200.0   214.5   224.9   236.4   253.6   282.3   345.8   772.6  3054.8  30150.3    30100  1744185769242  1744185779338
read      193.9    83.0    74.4   116.2   126.4   183.3   211.6   227.2   238.2   253.0   272.5   302.3   363.2   585.9  2990.7  30064.6    30105  1744185780849  1744185790945
read      189.8    86.9    74.4   113.7   123.3   179.4   207.3   223.0   233.8   248.1   267.2   295.6   355.2   505.7  3526.3  30107.7    30110  1744185792455  1744185802550
read      192.0    76.6    74.4   116.0   125.9   181.4   209.4   224.9   235.2   249.4   268.1   297.1   366.6   642.2  2614.7  30092.9    30115  1744185804060  1744185814157
read      187.9    79.5    68.9   112.1   121.8   177.8   204.9   220.3   231.3   245.4   264.9   294.1   353.0   580.4  3278.3  30107.5    30120  1744185815667  1744185825764
read      188.4    81.1    74.4   112.8   122.5   178.0   204.8   220.1   231.1   244.9   264.1   293.8   354.0   702.3  3010.7  30023.6    30125  1744185827274  1744185837370
read      189.7    79.6    74.4   115.7   125.7   179.6   205.9   220.7   231.3   244.6   262.9   292.4   356.2   641.6  3059.7  30042.3    30130  1744185838880  1744185848974
read      187.7    83.6    74.4   113.0   122.6   177.1   203.7   218.6   229.8   243.4   262.6   293.0   355.7   676.4  3622.7  30165.6    30135  1744185850484  1744185860580
read      186.4    77.2    74.4   113.1   122.7   176.3   201.9   216.7   227.4   239.7   257.3   287.4   357.1   825.9  2827.1  30230.3    30140  1744185862090  1744185872189
read      185.2    79.4    74.4   113.0   122.6   175.6   200.8   215.2   225.6   237.2   254.7   283.9   346.5   660.1  3093.5  30107.7    30145  1744185873699  1744185883797
read      184.8    75.8    68.9   113.0   122.7   175.2   200.7   215.7   226.4   238.4   255.5   285.2   344.4   490.1  2817.0  30170.9    30150  1744185885307  1744185895406
read      187.6    77.1    74.4   114.0   123.7   177.1   203.6   218.7   229.7   242.8   261.2   291.2   358.4   717.9  2683.7  30110.0    30155  1744185896916  1744185907013
read      190.5    78.8    74.4   114.0   123.9   179.8   207.8   223.5   234.1   248.6   267.8   297.3   359.3   678.9  2988.5  30095.3    30160  1744185908524  1744185918619
read      189.8    75.0    74.4   113.6   123.4   179.9   207.4   222.7   233.2   247.4   266.4   295.3   359.9   581.9  2833.4  30187.3    30165  1744185920130  1744185930229
read      185.5    79.4    74.4   113.9   123.3   175.7   201.1   216.0   226.6   238.5   255.6   285.3   345.8   621.7  2622.4  30172.4    30170  1744185931739  1744185941836
read      189.7    79.9    68.9   113.0   122.7   179.4   207.4   222.6   233.1   247.1   265.9   295.1   358.9   690.5  2738.9  30096.4    30175  1744185943345  1744185953444
read      192.2    85.9    74.4   114.2   124.0   181.3   209.8   225.2   235.5   250.0   269.3   299.0   369.4   837.5  3163.2  30169.4    30180  1744185954954  1744185965049
read      188.2    74.3    74.4   113.9   123.7   178.4   205.3   220.5   231.3   245.0   263.5   292.4   350.6   502.1  2869.4  30112.5    30185  1744185966560  1744185976654
read      189.7    78.3    74.4   114.2   123.9   179.0   206.4   221.9   232.7   246.7   265.5   294.7   360.4   686.2  2550.7  30111.8    30190  1744185978166  1744185988264
read      189.2    79.3    74.4   113.3   123.2   179.1   206.3   221.6   232.3   246.4   265.4   294.3   357.0   662.5  2733.6  30190.5    30195  1744185989775  1744185999869
read      186.3    79.5    74.4   112.2   121.6   175.9   202.6   217.8   228.9   242.4   261.6   291.2   355.2   608.9  2920.5  30260.1    30200  1744186001378  1744186011475
read      190.7    75.0    74.4   114.6   124.6   180.2   207.8   223.3   234.1   248.7   267.9   297.1   361.0   611.7  2359.6  30283.3    30205  1744186012985  1744186023081
read      192.0    84.3    68.9   114.9   125.1   181.1   208.7   224.2   234.8   249.6   269.1   297.8   364.3   734.8  3128.1  30218.0    30210  1744186024591  1744186034690
read      192.0    87.1    74.4   114.9   124.9   180.8   208.8   224.7   235.3   250.6   270.6   301.3   367.0   654.7  3714.6  30198.3    30215  1744186036203  1744186046300
read      190.1    83.9    74.4   114.1   124.0   179.3   206.8   222.1   233.0   247.5   266.7   295.4   356.1   740.9  3080.2  30174.7    30220  1744186047811  1744186057905
read      185.4    79.0    74.4   112.4   121.9   176.0   201.7   216.2   226.8   238.8   256.5   285.4   344.7   594.7  2989.0  30185.6    30225  1744186059415  1744186069513
read      185.1    74.4    74.4   113.7   123.2   175.6   200.9   215.3   225.8   237.5   254.9   284.0   343.2   554.6  3067.3  30196.7    30230  1744186071023  1744186081123
read      185.3    74.0    68.9   112.5   121.9   175.2   201.2   216.0   226.9   239.6   258.3   288.8   349.7   582.1  2372.4  30173.0    30235  1744186082634  1744186092732
read      189.9    77.7    74.4   114.4   124.1   179.1   206.4   221.8   232.6   247.0   266.2   295.5   359.7   693.0  2850.0  30437.4    30240  1744186094242  1744186104342
read      186.7    74.7    74.4   113.9   123.5   176.7   201.9   217.1   228.2   241.4   260.4   290.4   347.7   584.0  2346.0  30216.2    30245  1744186105853  1744186115950
read      184.2    71.4    74.4   114.6   124.0   175.3   199.9   214.2   224.5   235.6   252.8   280.5   339.0   467.1  2813.4  30236.4    30250  1744186117460  1744186127554
