#type       avg     std     min      p5     p10     p50     p67     p75     p80     p85     p90     p95     p99    p999   p9999      QPS   target       ts_start         ts_end
read      419.3   446.5    86.8   161.7   181.0   300.0   376.9   438.0   495.7   589.1   748.1  1075.9  2023.0  6103.9  9981.8  29785.2    30000  1743690585068  1743690595195
read      348.4   366.5    93.8   155.6   172.8   273.8   331.8   370.6   403.4   454.2   541.0   739.6  1517.4  5587.8 10124.9  30023.4    30005  1743690596705  1743690606820
read      386.7   471.1    93.8   158.3   176.2   284.3   345.6   390.5   429.5   491.7   618.1   921.3  1912.4  6239.1 14632.0  29984.3    30010  1743690608329  1743690618428
read      322.3   306.6    93.8   153.6   169.6   266.8   317.9   351.6   379.3   416.8   475.3   630.7  1207.7  4335.4 10284.8  30108.1    30015  1743690619938  1743690630121
read      540.6   664.0    93.8   163.9   183.3   325.0   443.6   558.6   671.7   832.5  1093.6  1660.9  3176.6  7718.9 12196.6  29531.0    30020  1743690631633  1743690641885
read      874.4   956.8   101.3   200.1   231.3   476.4   860.8  1189.0  1416.7  1639.9  1960.2  2537.0  4584.3  9500.4 15299.6  26664.0    30025  1743690643403  1743690653688
read     1011.6   962.5    93.8   253.4   288.3   559.8  1163.3  1564.1  1713.9  1887.9  2194.5  2680.4  4918.8  7710.2 11586.0  26106.0    30030  1743690655197  1743690665294
read      360.0   309.1    93.8   163.0   180.7   286.4   343.6   384.2   423.0   479.0   570.8   779.6  1624.1  3552.6  6401.0  30049.1    30035  1743690666803  1743690676899
read      301.1   179.3    93.8   156.3   172.1   266.7   313.1   342.1   367.5   401.9   453.4   544.8   871.4  2236.2  5091.0  30103.5    30040  1743690678409  1743690688506
read      313.1   171.1    93.8   158.3   174.3   275.6   339.7   378.0   405.8   439.0   484.0   565.0   832.7  1671.0  5109.5  29975.3    30045  1743690690016  1743690700113
read      296.2   148.2    93.8   158.5   173.7   265.5   315.0   346.0   370.6   400.4   442.8   527.1   779.3  1544.8  3676.5  30012.0    30050  1743690701621  1743690711717
read      302.2   166.9    93.8   161.4   177.2   272.9   320.2   348.1   370.2   398.2   439.1   523.2   821.0  1937.4  4937.9  30066.4    30055  1743690713227  1743690723324
read      306.7   171.0    93.8   161.7   178.1   277.1   324.0   352.3   373.7   401.8   445.3   538.8   852.6  1942.1  5105.9  29914.6    30060  1743690724834  1743690734932
read      300.2   160.6    93.8   160.3   176.4   272.6   318.4   345.5   367.0   394.3   434.0   520.6   805.4  1791.8  4768.5  30031.4    30065  1743690736443  1743690746540
read      325.1   186.5    93.8   161.6   179.5   285.6   336.7   369.7   396.7   432.1   493.5   627.7  1029.7  1771.6  4861.1  30041.7    30070  1743690748051  1743690758149
read      309.2   166.1    93.8   161.7   179.2   279.8   326.7   356.4   378.7   407.0   450.1   547.6   838.6  1717.3  4882.7  30131.1    30075  1743690759659  1743690769757
read      311.1   172.5    93.8   162.0   179.8   281.3   328.1   357.8   380.5   408.7   451.4   548.2   853.0  2071.8  4954.6  29969.6    30080  1743690771265  1743690781362
read      313.9   168.0    93.8   162.1   180.4   281.9   329.6   360.5   384.7   415.9   462.4   572.4   881.8  1732.0  5013.0  30193.5    30085  1743690782871  1743690792967
read      317.6   178.3    93.8   163.8   181.8   284.1   333.3   364.5   388.9   420.0   467.3   579.5   898.6  1955.8  5328.6  30109.8    30090  1743690794477  1743690804575
read      316.5   181.2    93.8   162.1   181.2   284.9   333.1   363.3   386.9   417.1   462.6   572.4   875.7  1838.6  6256.6  30128.0    30095  1743690806085  1743690816182
read      317.3   169.0    93.8   162.6   181.1   284.6   333.5   364.6   389.0   420.2   467.7   582.2   897.3  1856.6  4776.3  30069.9    30100  1743690817692  1743690827791
read      311.9   164.4    93.8   162.0   180.1   280.5   328.5   359.1   382.7   413.0   458.0   562.6   861.5  1837.5  4200.5  30043.0    30105  1743690829300  1743690839397
read      319.2   196.2   101.3   160.4   177.7   275.8   326.2   359.6   386.6   422.3   480.4   625.7  1041.7  2074.8  5018.0  30138.1    30110  1743690840906  1743690851003
read      306.5   169.5    93.8   161.4   179.1   277.8   323.8   353.0   375.4   403.8   445.9   537.3   808.4  1820.4  5757.3  30065.5    30115  1743690852514  1743690862612
read      301.0   150.2    93.8   160.3   177.7   273.4   318.8   348.2   371.2   399.8   439.3   522.0   778.4  1574.6  4363.9  30128.2    30120  1743690864122  1743690874218
read      320.9   173.1    93.8   164.3   183.4   289.3   338.6   369.5   394.3   425.7   469.7   579.4   886.2  1920.5  4866.8  30212.7    30125  1743690875727  1743690885824
read      329.7   191.4   101.3   165.6   184.5   288.8   339.8   373.3   400.7   436.6   494.7   629.8  1031.8  2041.1  4854.5  30177.6    30130  1743690887332  1743690897430
read      325.9   209.3    93.8   162.5   179.8   281.1   332.8   367.0   394.6   431.1   488.9   627.8  1100.7  2441.2  5358.8  30081.3    30135  1743690898939  1743690909037
read      317.4   173.2    93.8   165.0   183.7   284.6   333.1   364.4   389.2   421.0   465.9   570.8   881.8  1834.5  5181.7  30203.3    30140  1743690910546  1743690920644
read      309.0   177.3    93.8   161.7   179.5   279.2   324.8   354.1   376.9   405.7   449.1   536.8   846.8  2022.3  6026.1  30180.4    30145  1743690922154  1743690932254
read      314.2   182.8   101.3   163.7   181.5   278.7   327.0   358.5   383.2   415.5   462.5   571.0   904.1  2131.8  5876.1  30200.6    30150  1743690933762  1743690943860
read      331.5   213.8   101.3   166.4   185.2   289.3   340.7   373.6   400.7   436.2   492.2   621.7  1055.2  2560.5  6343.7  30116.3    30155  1743690945370  1743690955469
read      309.4   172.3    93.8   162.9   179.9   276.1   324.2   355.4   379.4   411.1   456.8   553.0   865.9  1892.0  5246.6  30131.4    30160  1743690956978  1743690967076
read      342.0   340.8    93.8   163.6   184.8   292.6   345.7   381.4   410.4   450.8   512.6   665.5  1154.9  2341.0 12632.8  30183.3    30165  1743690968585  1743690978685
read      308.8   163.0    93.8   162.6   180.4   278.3   325.5   356.1   379.9   410.1   455.4   545.8   833.7  1746.8  4504.7  30084.6    30170  1743690980195  1743690990292
read      336.9   222.4    93.8   165.5   183.9   288.0   342.2   378.7   408.4   449.9   512.1   665.0  1130.3  2382.5  6162.2  30232.6    30175  1743690991801  1743691001899
read      331.0   198.8    93.8   165.5   184.8   289.7   341.8   375.6   403.0   439.4   495.6   629.0  1028.7  2194.0  5126.8  30121.8    30180  1743691003409  1743691013511
read      310.4   152.4    93.8   165.2   183.2   280.1   327.6   357.8   381.8   412.5   457.5   546.0   841.6  1644.1  3697.6  30332.3    30185  1743691015021  1743691025120
read      319.7   188.8    93.8   164.9   183.8   286.0   334.0   363.9   388.1   420.2   466.9   571.2   912.1  2468.4  5065.9  30157.4    30190  1743691026629  1743691036726
read      294.0   163.5    93.8   159.0   174.6   262.8   309.2   336.8   358.2   385.8   427.2   507.0   830.5  2014.6  4911.5  30167.6    30195  1743691038236  1743691048332
read      304.0   160.9    93.8   163.0   180.5   279.6   324.6   350.6   370.9   397.0   434.6   506.7   769.9  2056.4  5177.7  30170.4    30200  1743691049841  1743691059939
read      296.1   150.4    93.8   161.7   178.2   272.9   318.1   344.2   364.4   388.9   423.4   488.3   739.5  1590.7  4885.6  30329.5    30205  1743691061449  1743691071545
read      338.8   203.9    93.8   166.3   185.9   295.6   345.8   378.2   404.4   444.6   511.1   664.6  1138.1  2029.4  5053.0  30206.0    30210  1743691073054  1743691083151
read      295.0   147.4    93.8   160.2   176.5   272.7   317.0   342.6   362.3   386.5   420.9   487.7   739.5  1535.1  4556.3  30288.8    30215  1743691084661  1743691094759
read      325.0   199.3    93.8   166.2   185.6   290.8   337.5   365.9   388.4   418.2   465.0   579.9  1010.4  2547.1  6059.9  30344.1    30220  1743691096269  1743691106366
read      325.0   190.3    93.8   165.3   183.8   288.6   337.1   367.1   391.6   424.6   476.9   605.1  1007.7  2025.2  5124.3  30260.5    30225  1743691107875  1743691117972
read      305.2   157.9    93.8   163.7   180.6   278.8   325.3   352.5   373.2   400.0   438.7   519.0   801.4  1687.1  4904.4  30279.4    30230  1743691119482  1743691129579
read      312.7   155.7    93.8   164.2   183.3   287.6   333.4   360.3   380.5   406.4   448.0   531.3   837.0  1744.0  4293.2  30237.5    30235  1743691131089  1743691141186
read      330.2   192.1    93.8   167.7   188.4   297.1   343.6   372.1   395.4   426.2   474.2   593.2  1001.8  2376.3  5058.4  30279.4    30240  1743691142696  1743691152796
read      313.9   173.1    93.8   163.9   181.4   281.9   331.0   360.5   383.1   412.4   457.4   554.4   912.7  1990.1  4828.3  30246.9    30245  1743691154307  1743691164405
read      316.1   186.2    93.8   163.2   181.5   287.2   334.1   361.7   382.7   409.4   451.6   543.1   900.3  2209.0  6059.2  30237.1    30250  1743691165915  1743691176012
read      349.5   229.0    93.8   168.3   189.2   300.9   353.2   387.1   415.4   456.5   529.1   692.0  1262.5  2480.3  5436.9  30248.5    30255  1743691177523  1743691187620
read      323.8   172.0    93.8   165.2   183.8   290.1   340.4   370.8   395.3   428.0   478.0   596.7   966.4  1726.2  4764.7  30301.2    30260  1743691189129  1743691199227
read      369.9   281.3    93.8   171.6   193.5   310.6   365.4   401.2   433.4   480.2   569.2   750.1  1453.8  3306.8  6551.0  30260.9    30265  1743691200736  1743691210836
