#type       avg     std     min      p5     p10     p50     p67     p75     p80     p85     p90     p95     p99    p999   p9999     QPS   target
read      196.1   120.9    80.4   137.6   147.2   187.0   204.8   215.2   223.0   232.4   245.9   268.2   344.6  1259.8  6848.8   5000.0     5000
read      212.0    77.5    80.4   134.5   149.3   206.3   228.0   239.4   248.8   259.8   274.0   297.3   381.8   965.3  2566.1   9993.8    10000
read      227.9    97.7    74.4   125.9   145.4   225.2   249.3   262.9   272.2   285.0   301.1   333.9   411.4   695.3  2959.0  14912.2    15000
read      250.5   129.7    74.4   122.9   141.2   244.6   274.2   291.5   305.8   324.5   347.5   383.9   466.6  2008.5  3997.0  19937.6    20000
read      257.0   100.2    74.4   119.4   137.6   253.8   288.7   309.7   326.9   346.7   371.8   411.0   492.9   735.6  2020.2  24882.2    25000
read      259.7   106.6    68.9   120.9   138.0   253.6   290.9   314.8   334.9   358.2   386.2   428.1   508.6   752.8  2509.4  30088.2    30000
read      270.8   107.6    74.4   121.5   138.8   261.9   306.6   337.3   359.4   383.7   413.5   459.0   544.1   691.0  1369.1  35000.0    35000
read      282.0   122.7    68.9   119.4   137.3   269.8   322.4   356.9   379.8   405.1   437.0   484.0   577.1   928.8  2449.8  39874.4    40000
read      280.3   136.0    68.9   116.2   133.8   266.7   317.2   352.0   377.0   404.9   439.5   488.7   586.0  1097.8  2442.8  45062.8    45000
read      276.4   119.5    74.4   115.5   132.3   261.5   313.3   349.0   375.5   405.9   441.8   492.5   588.1   727.4  1744.1  50098.0    50000
read      292.5   154.8    68.9   116.6   135.3   273.7   327.8   366.5   394.4   426.3   464.0   517.7   640.3  1570.7  4153.9  54945.4    55000
read      292.3   134.8    68.9   118.6   137.5   275.3   331.9   369.8   397.9   430.5   468.3   523.2   628.4   797.9  3082.6  59993.1    60000
read      308.4   144.1    68.9   122.8   144.3   287.8   352.4   393.0   422.5   455.4   494.4   549.0   668.6   860.4  3794.9  64680.5    65000
read      344.2   159.7    68.9   133.6   161.0   321.5   394.9   436.9   466.8   501.4   544.4   614.2   777.3  1113.2  2781.6  69713.6    70000
read      861.2   383.1    74.4   392.2   628.3   800.4   849.6   873.6   913.9   984.5  1402.3  1565.3  1738.1  7076.1  7953.8  72754.4    75000
read      892.2   374.4   101.3   638.9   681.3   796.1   846.0   872.7   924.0  1071.8  1423.3  1560.2  1734.8  7117.9  8794.0  73702.5    80000
Warning! Detected max cpu usage > 95%
CPU Usage Stats (avg/min/max): 66.77%,0.00%,100.00%
