Random waveform, supplied seed
Total number of intervals = 200 (8195, 158594, 149766, 10382, 170548, 150565, 137144, 143496, 144743, 116745, 129314, 144723, 117379, 119931, 132052, 143350, 143518, 172981, 94027, 170019, 179090, 47130, 19439, 128963, 23787, 61848, 101968, 108767, 97139, 158594, 141240, 41405, 57997, 133577, 53832, 139832, 170515, 128494, 20789, 63647, 64802, 55719, 174179, 106356, 178750, 105831, 110667, 8803, 45662, 30867, 45656, 100938, 132360, 67591, 33910, 85729, 12884, 45621, 36938, 56902, 102243, 14085, 94103, 58175, 151312, 83333, 165153, 123975, 28449, 14903, 31189, 40636, 80574, 168820, 162621, 101621, 58592, 153042, 112238, 160265, 57109, 88551, 8385, 34088, 113600, 131842, 112066, 72585, 133669, 11820, 12639, 118548, 165754, 86823, 16898, 123124, 72278, 47757, 60510, 25237, 97783, 118966, 16631, 11743, 115026, 122371, 7198, 25022, 157513, 171975, 154918, 139185, 152724, 20845, 140348, 88725, 134088, 66126, 78214, 55191, 54081, 112478, 179666, 100584, 127920, 6594, 25020, 129587, 10277, 148458, 66114, 49261, 133049, 106628, 23498, 103564, 161774, 39037, 163622, 132405, 131596, 174543, 90567, 116582, 13888, 119224, 156471, 164013, 41909, 128280, 107066, 46119, 10227, 10870, 146664, 19865, 113409, 70623, 52633, 104630, 42594, 95196, 52243, 37031, 39878, 110750, 8231, 63638, 90167, 50555, 15997, 43089, 12188, 76615, 143480, 63793, 71996, 41778, 21860, 45582, 81972, 42852, 51852, 109368, 55794, 35534, 90576, 95085, 100029, 72551, 84629, 74136, 130756, 69916, 72019, 78070, 99548, 36393, 172591, 8325)
Average QPS expected = 87951
Timestamp start: 1746888001760
Timestamp end: 1746889202088

#type       avg     std     min      p5     p10     p50     p67     p75     p80     p85     p90     p95     p99    p999   p9999      QPS   target
read      234.6    93.7    93.8   145.3   161.1   225.8   249.7   264.7   275.1   290.2   310.4   343.2   425.9  1054.9  3813.4   8093.7     8195
read      290.1   194.8    80.4   146.5   163.2   256.8   304.8   334.3   357.4   386.9   428.5   504.3   829.1  2694.1  5778.8 158477.3   158594
read      278.2   189.3    80.4   143.0   159.3   249.1   295.7   324.3   346.1   374.0   412.8   480.0   704.0  2152.3  7004.6 149683.0   149766
read      265.5   321.5    74.4   142.2   158.5   232.3   261.4   278.2   291.2   307.7   330.8   373.0   947.2  5592.0  8051.1  10389.3    10382
read      470.2   492.8    93.8   204.6   228.5   323.4   380.3   426.3   470.8   553.4   910.6  1443.8  2590.1  5530.1  8054.8 170397.2   170548
read      343.3   206.6    86.8   181.0   207.2   315.3   362.5   391.5   414.3   444.0   487.2   563.1   820.4  2850.6  7543.0 150554.2   150565
read      273.9   176.4    80.4   138.0   153.2   247.0   296.0   324.8   346.1   373.1   410.1   473.9   669.2  2332.0  5176.2 137185.3   137144
read      263.0   136.5    80.4   137.1   151.4   237.2   285.3   314.1   336.2   363.7   399.6   460.5   617.7  1330.8  3895.7 143612.5   143496
read      264.5   164.6    80.4   137.0   151.2   235.3   282.5   311.2   333.2   360.5   397.0   459.8   647.3  2331.4  5367.5 144932.2   144743
read      258.4   214.3    80.4   128.2   140.2   218.8   268.7   298.7   320.6   347.0   382.6   445.1   923.5  3185.0  6459.7 116912.2   116745
read      247.2   138.1    80.4   130.3   143.0   220.2   266.8   294.8   315.5   340.2   371.8   422.5   580.1  1616.5  4423.0 129353.8   129314
read      255.7   168.1    80.4   135.6   149.7   230.8   274.7   301.1   320.6   345.0   377.2   429.5   571.0  2468.7  5811.2 144888.2   144723
read      238.5   123.4    80.4   127.1   138.7   212.6   260.4   290.0   311.4   336.3   367.2   413.2   541.5  1173.0  3243.9 117200.8   117379
read      239.7   129.2    80.4   127.8   139.6   213.7   260.8   289.8   311.0   335.6   366.2   412.0   533.4  1445.2  4148.2 120001.2   119931
read      245.5   136.3    80.4   131.2   144.0   220.4   265.5   292.8   313.3   337.7   368.9   418.0   551.0  1682.9  3527.3 131945.8   132052
read      254.2   135.2    80.4   136.4   150.5   230.9   274.7   301.4   320.9   345.3   377.4   429.1   568.6  1676.1  4263.7 143289.7   143350
read      253.7   149.4    80.4   135.0   149.2   228.3   272.4   299.3   319.3   344.2   377.3   431.8   591.8  1619.3  5073.7 143260.7   143518
read      299.0   168.1    80.4   160.9   180.0   276.1   320.1   346.7   368.3   395.2   432.8   500.2   667.9  1654.7  6667.1 173096.3   172981
read      240.0   139.7    86.8   124.2   135.5   214.2   268.9   300.0   320.9   344.6   373.4   418.0   529.2   919.8  3812.8  93818.3    94027
read      290.0   142.1    80.4   154.6   173.2   265.9   310.6   338.3   360.6   389.2   429.9   500.7   670.0  1367.0  4561.2 169929.0   170019
read      312.3   159.8    80.4   172.2   192.9   290.2   333.6   359.9   380.0   405.6   444.8   513.6   694.1  1922.9  5302.7 179166.2   179090
read      256.0   140.8    86.8   126.4   137.7   236.2   289.0   315.6   335.0   358.0   387.6   432.9   566.4  1830.2  3872.8  47124.2    47130
read      273.4   126.4    86.8   139.3   155.8   265.7   305.3   325.7   340.6   358.5   380.7   418.5   523.6  1651.8  3346.3  19460.3    19439
read      351.5   345.4    86.8   143.1   160.6   272.2   326.3   361.3   390.4   431.9   515.6   914.5  1685.3  3406.9  8395.5 128491.5   128963
read      270.6   118.5    80.4   137.6   152.3   263.4   303.7   324.6   340.0   358.4   381.4   419.0   526.2  1519.2  2964.4  23794.8    23787
read      273.0   160.5    80.4   128.3   140.1   248.8   308.2   338.1   359.9   386.3   422.6   487.3   697.3  1631.0  3967.9  61824.0    61848
read      248.2   135.0    80.4   127.2   138.8   218.5   273.8   306.1   328.6   354.2   386.2   434.8   605.9  1396.7  3983.1 101647.5   101968
read      241.0   117.4    80.4   127.2   138.7   214.7   266.3   296.9   318.8   343.6   373.7   419.7   534.0  1103.4  3175.3 108562.2   108767
read      239.5   111.1    80.4   124.8   136.0   213.3   268.8   300.3   321.3   345.1   373.6   416.6   516.4   999.6  2586.9  97040.3    97139
read      292.0   149.6    80.4   153.0   171.4   267.4   313.8   342.3   365.2   393.7   433.4   503.8   689.8  1547.3  3757.1 158517.5   158594
read      266.6   133.1    80.4   140.0   155.0   242.3   289.2   316.9   338.3   364.8   399.5   459.7   630.5  1345.7  3931.5 141073.3   141240
read      270.6   132.4    86.8   127.9   139.8   260.7   313.5   340.5   359.3   380.1   405.2   446.3   545.5  1402.1  3309.7  41333.3    41405
read      282.2   147.5    86.8   126.0   138.3   264.0   329.2   363.9   387.4   413.4   445.2   493.8   611.0  1401.8  3164.8  58021.3    57997
read      323.6   277.6    80.4   142.1   158.9   263.6   315.0   345.7   371.1   404.3   462.6   652.7  1570.7  2866.3  6652.5 133644.5   133577
read      249.8   116.2    80.4   124.9   136.0   237.4   293.0   318.6   335.6   354.5   376.8   411.1   480.8   626.2  3760.3  53856.7    53832
read      340.3   295.2    80.4   146.7   165.1   270.1   325.4   364.0   396.4   443.7   529.6   772.0  1531.7  3163.7  7526.2 139562.5   139832
read      297.4   173.9    80.4   152.6   171.1   268.9   317.0   346.3   369.9   399.5   441.9   519.0   738.8  2034.5  6685.1 170557.0   170515
read      256.3   175.7    80.4   129.9   143.0   223.5   271.1   300.1   321.3   347.9   383.7   444.6   779.8  2225.5  5118.4 128497.0   128494
read      278.9   435.4    93.8   134.4   148.6   241.7   276.9   296.0   310.4   326.9   349.7   395.5  1225.6  5045.4 21574.1  20750.5    20789
read      274.7   241.1    80.4   124.3   135.8   238.5   297.2   326.9   347.9   373.4   407.6   467.4  1038.5  3411.1  7590.7  63683.5    63647
read      238.2   105.3    86.8   122.6   133.1   221.3   276.5   302.0   318.5   337.5   361.4   397.7   485.9   792.2  2522.7  64687.5    64802
read      236.6    97.7    80.4   123.6   133.9   225.7   276.2   299.3   314.3   331.2   351.1   383.0   455.3   668.5  2454.3  55643.2    55719
read      292.9   147.9    86.8   154.6   173.2   267.2   313.1   341.6   364.5   393.4   433.9   504.8   687.3  1806.3  4128.4 173951.3   174179
read      237.7   134.1    80.4   124.5   135.9   210.8   261.7   292.3   313.8   337.9   367.4   410.6   531.6  1420.9  3695.8 106250.5   106356
read      304.7   149.3    80.4   161.0   180.7   281.8   328.3   356.4   377.8   404.8   445.1   514.1   697.6  1678.2  4178.9 178593.5   178750
read      246.9   139.6    80.4   127.8   139.5   218.8   271.2   301.7   322.9   347.1   378.0   426.3   578.2  1799.4  4137.1 105975.8   105831
read      240.4   143.8    80.4   126.8   138.4   212.8   263.1   293.7   315.6   340.2   370.0   414.0   534.9  1389.6  5811.4 110793.3   110667
read      256.7   178.8    86.8   145.1   163.2   239.9   269.3   286.6   299.0   315.4   337.7   373.5   598.8  2291.8  7609.4   8787.0     8803
read      279.9   182.8    86.8   127.3   139.0   261.3   320.2   349.6   369.4   391.6   419.2   462.1   670.5  2462.0  5278.5  45596.3    45662
read      267.6   128.3    86.8   129.5   142.0   260.7   307.4   330.0   345.3   363.2   385.3   420.9   536.9  1565.2  2704.3  30882.2    30867
read      278.1   161.7    86.8   125.5   137.5   261.6   320.1   349.8   369.9   392.3   419.8   463.2   674.3  2100.2  3887.7  45605.8    45656
read      257.9   180.7    80.4   125.7   137.6   220.3   277.4   310.3   333.5   360.9   396.7   464.1   784.6  2287.8  4787.1 100999.2   100938
read      252.6   130.8    80.4   132.8   146.4   226.9   274.0   302.5   323.3   348.8   382.4   435.1   595.9  1499.4  3471.2 132073.5   132360
read      242.5   172.2    86.8   123.0   133.5   222.2   281.0   308.0   325.5   344.4   368.2   402.6   491.4  1106.5  7102.7  67588.8    67591
read      267.2   156.5    80.4   128.7   140.8   257.5   305.0   328.8   345.0   364.7   389.0   426.5   550.5  1703.7  3748.9  33963.5    33910
read      260.5   216.0    80.4   124.5   136.0   225.0   286.5   318.7   341.5   367.9   401.5   461.2   686.7  2802.8  7507.9  85591.8    85729
read      249.4   112.9    93.8   141.5   158.7   240.0   270.6   287.4   299.0   314.4   334.7   367.0   467.6  1250.1  4486.8  12879.7    12884
read      276.1   148.5    86.8   126.5   138.2   261.3   320.4   349.8   369.3   391.3   418.0   459.4   613.5  1783.2  3900.2  45456.0    45621
read      275.5   165.0    86.8   128.2   140.4   262.9   315.1   340.4   357.8   376.7   401.2   438.5   622.4  2067.7  5219.2  36868.2    36938
read      285.2   195.8    80.4   125.2   137.0   260.1   324.7   358.8   381.5   405.9   436.9   488.2   767.7  2639.2  7000.5  56923.2    56902
read      275.5   227.3    80.4   127.6   139.6   227.6   286.8   320.7   345.6   375.9   420.7   523.3  1079.5  2789.0  6442.3 102078.0   102243
read      253.9   129.2    86.8   141.9   159.5   245.1   276.8   294.2   307.2   321.2   342.3   374.8   463.2  1254.7  3985.1  14055.5    14085
read      256.1   149.7    86.8   125.6   137.3   222.8   282.8   315.7   339.1   366.4   401.1   463.2   650.5  1745.7  3681.4  93989.2    94103
read      246.7   124.7    86.8   125.2   136.1   231.6   285.9   310.5   326.7   344.5   368.2   403.5   505.8  1154.6  3841.4  58114.8    58175
read      273.2   135.1    80.4   142.4   158.4   248.2   295.0   323.2   345.0   372.6   410.8   474.5   651.3  1492.4  3195.4 151258.2   151312
read      241.6   110.1    80.4   124.4   135.4   217.3   276.0   306.2   326.1   347.6   374.1   415.1   513.6   964.1  2548.1  83446.2    83333
read      289.8   141.7    80.4   154.5   173.0   266.2   311.8   339.9   362.3   390.3   429.1   496.3   662.7  1343.5  3711.0 165370.8   165153
read      247.8   134.5    80.4   130.3   143.2   222.4   270.9   299.9   320.8   345.7   377.2   426.1   555.6  1392.5  4118.6 124218.8   123975
read      259.5   120.7    80.4   131.9   145.1   253.7   296.6   317.7   332.9   349.4   370.7   402.5   474.2   918.1  3231.9  28361.3    28449
read      252.7    95.9    93.8   140.0   157.0   246.2   279.3   296.5   309.6   323.8   343.9   376.2   461.7   994.9  2674.6  14900.7    14903
read      267.2   121.4    86.8   129.8   142.4   260.9   307.7   330.5   345.7   364.3   387.1   422.5   529.2  1269.0  3716.7  30954.8    31189
read      269.9   132.0    80.4   127.0   138.6   260.1   315.4   341.9   360.3   380.4   403.6   440.6   540.8  1319.4  3955.3  40666.3    40636
read      258.3   190.0    80.4   124.4   135.4   224.8   287.8   319.2   340.8   365.8   397.5   452.6   635.5  2609.0  6142.7  80473.5    80574
read      296.1   144.8    80.4   155.2   174.4   273.2   320.6   349.7   372.1   400.3   438.5   503.3   660.6  1426.3  3929.9 168715.8   168820
read      291.0   154.3    80.4   151.7   170.0   266.8   313.9   342.4   365.1   393.1   431.3   496.7   670.4  1662.7  5325.9 162409.3   162621
read      244.5   129.2    74.4   126.2   137.9   217.8   271.9   302.6   323.9   347.8   378.4   425.4   555.8  1228.8  3206.4 101921.7   101621
read      241.7   114.6    80.4   124.8   135.5   228.7   282.7   307.0   322.4   339.9   361.6   393.8   464.5   682.7  4192.6  58379.7    58592
read      275.9   133.5    80.4   144.1   160.7   251.9   299.0   327.6   349.0   376.5   414.3   475.7   640.7  1497.1  2995.4 152828.7   153042
read      240.6   124.7    80.4   127.3   138.8   214.5   265.0   295.1   316.5   341.0   370.8   415.1   527.5  1235.6  4107.9 112401.3   112238
read      287.0   137.2    80.4   150.2   167.7   263.1   310.7   339.6   362.3   390.4   428.8   495.2   669.2  1350.5  3396.1 160165.2   160265
read      243.9   120.1    86.8   124.2   134.9   229.8   282.8   306.9   322.4   340.7   363.8   398.5   493.1  1237.7  4059.7  57193.7    57109
read      241.9   158.4    80.4   123.3   134.2   214.4   272.5   303.9   324.4   347.0   374.3   416.3   526.0  1264.1  5768.1  88603.8    88551
read      245.4   123.3    80.4   145.1   161.8   234.4   262.4   278.0   290.5   305.6   325.9   361.9   458.7  1228.1  6952.1   8416.8     8385
read      272.2   158.9    80.4   128.7   141.1   264.1   313.5   337.6   353.8   371.5   395.0   430.1   536.5  1849.3  7241.8  34066.2    34088
read      301.6   286.9    80.4   130.4   143.7   234.6   288.4   319.5   344.2   375.6   427.5   703.3  1543.8  3017.1  7194.3 113589.5   113600
read      249.6   120.5    86.8   132.7   146.0   225.7   272.3   300.1   320.5   345.3   376.9   426.5   560.5  1367.7  3326.8 131625.5   131842
read      240.3   128.9    74.4   127.0   138.6   214.5   264.9   295.1   316.6   341.1   371.0   415.3   524.1  1090.8  4223.5 112016.8   112066
read      238.8   106.0    80.4   123.7   134.0   218.2   277.1   305.3   323.2   343.0   367.0   401.0   479.1   794.6  2635.3  72694.3    72585
read      254.1   153.8    80.4   135.5   149.3   230.1   276.4   304.3   324.6   348.9   381.2   430.7   563.4  1395.0  5305.8 133978.3   133669
read      243.3    88.6    86.8   143.2   160.3   235.8   264.5   280.4   292.4   307.2   326.1   358.2   431.8   987.3  2966.3  11865.5    11820
read      251.8   267.5    86.8   142.7   160.3   238.6   269.7   286.8   298.6   313.8   333.5   365.3   438.7  1380.6 14715.5  12610.0    12639
read      324.7   347.0    80.4   132.7   147.0   246.5   298.3   328.3   351.6   383.1   434.5   979.6  1633.0  3689.9  8081.6 118523.0   118548
read      288.1   133.2    80.4   154.3   172.9   266.8   311.8   339.0   360.3   386.7   423.0   484.5   635.5  1401.0  3392.7 165968.0   165754
read      237.4   108.2    80.4   123.6   134.3   213.2   270.6   301.5   321.5   343.8   370.1   407.2   493.6   795.1  2925.6  86913.2    86823
read      249.8   106.5    86.8   139.1   155.0   241.7   274.5   292.6   305.6   319.7   340.2   371.3   450.3  1262.4  3759.2  16925.5    16898
read      330.4   337.3    80.4   135.7   150.7   252.1   300.9   330.2   353.8   386.6   443.1  1034.4  1690.5  3344.6  7323.6 123330.7   123124
read      238.0   118.1    80.4   124.0   134.1   216.9   275.8   303.9   321.5   341.2   364.6   397.4   470.4   904.7  3811.5  72185.7    72278
read      264.2   117.8    86.8   126.5   137.8   252.2   306.7   334.1   353.4   374.9   402.1   443.7   545.4  1201.8  2020.4  47719.5    47757
read      283.6   198.0    86.8   126.1   137.8   258.2   322.2   356.7   380.0   405.7   436.7   486.0   679.1  2633.6  5798.9  60426.7    60510
read      261.9   129.1    93.8   133.0   146.7   256.0   296.3   317.0   331.9   348.0   370.3   403.4   496.3  1207.1  6350.3  25262.2    25237
read      258.4   159.5    86.8   127.1   138.6   223.0   281.9   315.1   338.6   366.0   401.2   468.5   731.2  1913.1  4147.6  97776.7    97783
read      242.1   115.1    80.4   129.1   141.2   217.5   266.5   295.6   316.7   341.2   371.5   416.9   526.6  1149.6  2749.5 119117.7   118966
read      251.3   106.2    86.8   139.2   155.3   243.1   276.3   294.5   307.8   322.1   342.9   374.8   466.3  1209.4  3691.8  16600.5    16631
read      243.8    97.5    86.8   142.6   159.5   235.2   264.7   280.9   293.0   308.0   326.9   359.7   440.6  1063.0  3147.0  11779.3    11743
read      297.4   285.6    80.4   131.0   144.3   234.6   287.5   317.6   340.9   370.2   414.8   583.8  1554.6  3190.7  7401.6 114532.2   115026
read      246.6   127.1    80.4   130.3   142.8   221.1   269.8   298.4   319.3   344.1   374.6   423.1   554.2  1413.4  3421.5 122240.5   122371
read      234.4   108.5    93.8   144.1   159.2   225.1   249.8   264.8   274.9   289.5   308.6   340.5   424.9  1067.4  5009.2   7192.3     7198
read      260.3   106.1    86.8   132.0   145.5   255.1   296.5   316.7   331.2   346.8   368.4   400.1   481.9  1287.3  2359.6  25019.2    25022
read      361.7   347.4    86.8   165.9   190.1   303.0   351.4   382.7   407.2   441.6   495.9   640.7  1602.2  3379.1 14024.2 157435.8   157513
read      329.6   157.6    80.4   174.3   196.6   305.4   354.5   384.6   407.3   436.9   479.5   550.8   750.0  1915.2  4050.3 171886.7   171975
read      288.5   151.8    80.4   150.5   168.0   263.5   311.2   340.0   362.7   390.8   429.2   495.0   674.4  1559.7  4728.5 154602.2   154918
read      268.3   150.3    80.4   138.5   153.3   242.0   291.0   320.0   342.4   369.8   405.4   466.1   627.0  1576.1  5216.4 139358.7   139185
read      277.2   132.7    80.4   146.4   163.1   253.6   299.5   327.3   348.3   375.2   412.5   474.0   640.4  1382.1  3383.4 152806.2   152724
read      255.3   185.8    86.8   134.3   148.4   242.1   279.2   298.5   312.7   328.8   348.7   383.6   489.0  2341.2  7670.1  20747.3    20845
read      349.5   331.0    80.4   147.1   166.3   279.8   329.0   360.2   385.5   420.5   479.2   779.2  1693.2  3433.7  7573.1 140045.3   140348
read      242.0   119.8    80.4   124.3   135.3   215.7   274.2   305.4   325.8   348.2   375.2   417.6   526.4  1339.4  2741.1  88677.3    88725
read      252.9   147.5    80.4   133.4   147.2   228.0   274.0   301.8   321.7   346.1   378.0   429.0   579.9  1725.9  4557.9 134060.2   134088
read      239.3   106.6    86.8   123.9   134.2   222.2   280.1   306.4   322.9   341.4   363.8   395.8   467.4   748.0  2661.1  66186.0    66126
read      241.1   113.0    80.4   124.5   135.2   218.4   277.8   307.2   326.2   346.7   372.2   408.9   499.5   819.0  3046.4  78102.8    78214
read      243.5   115.1    80.4   126.0   136.5   231.9   284.2   307.5   322.4   339.9   361.6   393.7   468.4   909.3  3161.2  55310.0    55191
read      242.9   103.6    80.4   125.5   136.2   232.2   283.4   306.0   320.3   337.7   359.0   392.0   472.4   965.5  2802.2  54125.0    54081
read      240.8   121.8    86.8   127.4   138.9   215.0   265.7   295.5   316.7   341.0   370.3   413.4   521.3  1363.3  3603.6 112270.0   112478
read      325.9   147.2    80.4   177.2   200.1   306.8   353.3   380.8   401.4   428.7   465.4   529.5   688.2  1382.9  5030.4 179473.0   179666
read      246.1   126.4    80.4   126.8   138.6   220.3   273.9   304.2   325.1   349.2   379.6   426.0   553.1  1275.3  3474.3 100582.8   100584
read      247.4   136.3    80.4   131.3   144.3   223.0   270.0   297.8   318.5   342.8   373.6   422.2   543.4  1456.4  3469.7 127985.7   127920
read      234.1    91.9    86.8   143.7   158.5   224.6   248.9   263.9   274.3   289.3   309.7   342.7   429.2  1179.2  3090.3   6605.3     6594
read      255.5    95.9    86.8   135.3   149.2   253.4   289.5   307.6   319.6   335.5   354.7   385.0   460.6   719.2  2771.0  25002.0    25020
read      532.3   538.2    86.8   177.2   199.6   305.0   405.8   591.9   781.6  1020.9  1312.1  1551.6  2616.6  4193.3  8057.3 129605.0   129587
read      254.6   199.2    93.8   145.4   160.7   234.0   264.6   282.3   295.4   313.2   338.1   383.1   652.5  2239.2  9128.4  10255.8    10277
read      564.0   551.6    86.8   186.4   208.9   320.9   480.0   690.2   859.0  1071.1  1329.0  1573.1  2658.6  4360.0  8111.7 148193.7   148458
read      379.6   315.9    86.8   143.0   163.6   296.1   378.1   433.7   480.8   548.1   661.0   903.1  1539.5  3050.5  7807.0  66076.5    66114
read      267.0   127.3    86.8   128.3   140.5   256.7   311.6   337.4   355.0   374.2   399.4   438.0   551.9  1082.2  3801.3  49309.3    49261
read      557.7   559.7    86.8   183.7   206.0   312.2   442.0   661.2   849.1  1080.6  1347.8  1590.0  2714.8  4330.7  8022.5 132857.8   133049
read      487.2   437.4    86.8   165.7   189.2   316.4   462.9   596.8   698.8   837.9  1007.6  1284.0  2168.9  3429.8  7953.0 106920.3   106628
read      252.1    95.6    80.4   135.6   149.7   247.6   284.1   302.7   315.8   331.8   351.5   384.7   464.5   639.2  3105.2  23434.3    23498
read      307.8   149.6    80.4   139.2   155.1   274.9   351.9   397.1   427.0   460.3   501.3   566.3   721.0  1072.4  2197.4 103455.7   103564
read      557.3   576.4    86.8   185.3   207.2   310.4   418.8   620.6   823.0  1084.3  1370.0  1614.5  2823.1  4454.4  8035.5 161812.2   161774
read      336.5   352.1    86.8   138.6   156.3   271.7   329.3   366.5   397.7   442.8   517.4   696.3  1458.1  6950.8  8719.2  39061.5    39037
read      569.9   596.5    86.8   185.6   207.6   309.4   413.4   639.6   869.7  1156.7  1411.6  1655.1  2963.7  4386.9  8020.3 163607.3   163622
read      580.5   602.6    86.8   185.7   208.6   330.2   508.3   700.5   853.3  1043.5  1308.7  1645.1  2983.6  5617.3  9023.6 132291.7   132405
read      580.6   601.1    86.8   186.6   210.0   333.4   511.4   704.7   859.7  1050.1  1308.4  1638.7  2891.1  4555.9 10741.2 131467.7   131596
read      576.0   567.3    86.8   185.5   208.3   334.4   519.9   701.6   846.7  1028.4  1283.7  1630.3  2874.5  4282.7  8039.3 174816.2   174543
read      548.4   532.0    86.8   185.0   208.1   339.8   517.9   666.9   783.1   930.5  1140.2  1490.7  2609.0  5002.1  8119.4  90618.2    90567
read      498.3   456.5    86.8   176.6   199.4   340.9   479.3   586.9   678.0   802.7   988.1  1307.1  2267.8  4003.2  8081.9 116423.8   116582
read      486.3   511.2    86.8   153.7   176.4   329.0   449.7   553.4   646.4   778.8   979.7  1291.9  2310.8  7471.2  9432.4  13912.3    13888
read      567.8   511.4    86.8   182.2   207.6   359.2   562.1   717.8   843.8   998.8  1199.7  1519.6  2519.2  3930.1  8022.5 118818.0   119224
read      570.5   575.9    86.8   187.0   209.3   324.9   481.5   679.6   842.3  1041.7  1309.6  1631.2  2872.8  4370.9  8118.9 156358.7   156471
read      559.6   561.1    80.4   186.2   208.0   322.5   483.4   660.6   808.7   997.2  1266.1  1603.8  2837.9  4394.1  8034.8 163724.5   164013
read      523.7   545.3    86.8   171.8   196.1   336.9   492.7   615.9   716.8   851.5  1051.2  1417.0  2505.0  7600.9  9289.2  41992.5    41909
read      525.0   493.2    80.4   183.7   206.1   331.5   489.4   627.1   739.0   887.6  1090.7  1445.9  2465.9  4012.2  8024.5 128325.8   128280
read      443.4   368.9    86.8   166.3   187.9   315.7   432.0   527.9   607.3   711.4   861.4  1111.9  1800.3  3096.3  7856.1 107102.0   107066
read      289.9   169.0    80.4   135.6   149.9   249.7   313.1   354.2   385.0   421.3   468.6   555.5   845.5  1485.5  5552.4  46128.7    46119
read      222.0    91.2    86.8   136.1   147.8   210.9   238.7   255.6   268.5   284.0   305.0   341.0   429.0   658.2  3430.8  10266.7    10227
read      238.1    96.4    93.8   143.0   158.7   228.6   254.5   270.5   282.5   296.5   317.0   351.5   457.0  1011.6  3113.3  10827.3    10870
read      553.3   475.4    86.8   186.8   210.6   363.7   568.1   709.1   817.0   953.1  1139.6  1437.4  2288.5  3968.7  8129.6 146534.0   146664
read      288.4   225.9    86.8   140.1   155.3   251.9   293.5   318.2   338.4   366.2   413.8   540.5  1048.9  2335.8  7751.2  20014.7    19865
read      433.0   287.3    86.8   163.1   184.5   342.7   478.9   557.8   616.0   687.9   794.3   975.4  1375.5  2047.6  5842.7 113244.8   113409
read      276.1   136.5    80.4   129.6   142.5   254.5   318.7   351.5   373.5   398.3   429.6   480.2   637.3  1256.0  2536.9  70468.5    70623
read      269.4   136.7    86.8   129.5   142.0   257.0   312.8   339.4   357.7   377.9   403.2   447.5   579.3  1144.7  4480.2  52547.7    52633
read      351.7   229.5    86.8   146.7   165.1   301.7   389.6   438.8   472.9   515.3   577.0   692.9  1074.1  2008.5  4231.0 104396.3   104630
read      282.0   201.4    80.4   131.8   145.0   265.0   316.7   342.0   360.3   381.5   409.7   464.7   748.4  2033.8 10067.0  42482.8    42594
read      307.9   162.7    80.4   138.6   154.2   275.7   349.3   390.6   418.6   450.4   491.0   559.9   789.1  1465.6  3840.2  95231.7    95196
read      268.0   126.2    80.4   129.0   141.3   255.7   312.3   339.2   357.5   377.6   402.5   445.1   572.3  1181.2  3443.1  52454.7    52243
read      272.8   199.2    86.8   132.9   146.1   265.4   312.1   334.7   350.2   368.9   393.3   432.4   558.8  1130.7 12250.5  36953.7    37031
read      264.0   113.1    86.8   131.2   143.7   260.0   307.4   329.6   344.5   362.9   385.3   421.0   509.3   806.8  3245.7  39826.2    39878
read      391.8   238.6    86.8   155.5   176.0   326.3   437.8   500.4   545.0   600.3   678.1   822.8  1178.0  1835.3  4470.4 110843.5   110750
read      242.2    97.1    93.8   145.0   161.9   233.8   261.2   276.4   288.9   303.5   323.0   357.3   431.8  1046.6  4845.8   8303.0     8231
read      268.0   117.2    86.8   128.6   140.7   252.1   314.8   345.0   365.0   387.1   413.6   455.2   557.8   911.0  2498.7  63530.3    63638
read      290.7   144.2    86.8   134.5   149.3   265.2   333.5   371.0   396.4   425.1   460.8   518.1   676.6  1085.6  2498.8  89892.2    90167
read      272.2   144.0    86.8   129.7   142.3   260.3   316.6   343.6   362.1   382.7   407.7   451.1   582.7  1249.3  4816.9  50774.2    50555
read      256.6    89.4    80.4   143.5   160.0   248.1   280.9   298.6   312.3   328.6   351.4   392.8   507.9   969.4  1991.5  16012.5    15997
read      259.7   108.1    80.4   129.6   141.7   254.7   304.7   327.6   342.9   360.9   382.3   415.8   493.6   742.9  2648.7  42980.7    43089
read      251.0   165.1    80.4   146.3   163.6   241.0   270.2   286.9   298.5   313.8   334.0   367.3   447.6  1065.4  9021.1  12264.8    12188
read      273.8   128.9    74.4   129.6   142.6   253.4   317.7   351.7   374.1   399.0   429.5   474.4   589.2   967.9  3029.6  76663.0    76615
read      557.3   547.6    86.8   188.0   209.7   318.1   473.2   676.7   837.3  1035.0  1304.9  1566.7  2646.7  4338.1  8082.6 143450.0   143480
read      338.7   260.8    86.8   137.8   155.2   280.3   351.0   394.5   428.4   474.4   554.7   731.4  1246.5  2616.1  7765.4  63791.8    63793
read      266.9   120.3    80.4   128.2   140.6   248.4   312.7   345.0   366.5   389.8   417.5   458.4   547.3   786.5  3030.0  72036.7    71996
read      259.4   110.0    86.8   129.4   141.4   256.7   304.6   326.7   341.4   358.6   378.9   409.8   478.6   696.7  3624.0  41743.0    41778
read      253.8    85.9    93.8   139.2   154.1   250.7   284.2   301.8   314.5   329.7   348.1   379.7   452.0   636.9  2418.9  21819.5    21860
read      272.7   195.5    86.8   130.7   143.5   261.5   313.9   338.7   355.9   374.5   399.9   439.9   574.2  1368.1 10622.1  45500.5    45582
read      279.8   134.3    80.4   130.9   144.6   257.4   323.2   358.6   382.2   407.7   439.6   491.1   628.9  1063.6  2403.2  81886.8    81972
read      261.5   103.1    86.8   129.7   141.8   257.9   308.0   331.1   346.3   364.5   386.2   418.8   491.6   637.1  2520.7  42769.5    42852
read      266.6   114.7    86.8   128.7   140.9   257.0   313.4   339.7   357.7   377.5   402.1   441.3   539.6   879.5  2169.0  51885.5    51852
read      376.6   246.4    86.8   152.3   172.0   316.1   417.6   474.5   516.2   567.6   637.9   771.8  1143.0  2031.3  6525.4 109187.5   109368
read      278.8   148.8    86.8   129.7   142.6   261.4   320.2   349.2   369.1   392.4   422.7   473.4   678.8  1543.2  3339.2  55860.3    55794
read      264.0   109.6    86.8   132.0   144.8   261.6   305.5   326.4   341.0   358.9   380.9   416.1   500.7   814.6  2539.9  35454.2    35534
read      286.3   163.5    86.8   132.9   147.2   261.3   329.9   368.2   393.5   421.3   454.9   504.5   628.6   919.6  4890.2  90668.8    90576
read      284.1   126.8    80.4   133.4   147.7   258.3   328.7   368.8   394.6   422.6   455.8   503.8   618.6   848.6  1953.4  95043.2    95085
read      294.7   154.2    80.4   136.9   151.7   265.2   337.4   380.2   407.8   437.8   474.4   532.0   659.5   923.7  3864.7  99961.7   100029
read      267.9   134.0    80.4   127.6   139.8   249.1   313.6   346.1   367.7   391.2   419.2   460.2   549.9   868.4  3464.9  72499.7    72551
read      272.6   125.9    80.4   129.8   142.7   251.0   317.6   353.4   377.0   401.8   431.9   474.3   569.0   756.8  2961.7  84500.2    84629
read      267.4   130.5    86.8   127.9   140.1   248.9   313.4   345.9   367.8   391.0   418.7   459.5   544.5   722.7  4275.3  74156.5    74136
read      550.3   557.6    86.8   185.3   206.8   309.1   423.7   628.8   824.4  1067.1  1348.4  1586.7  2673.2  4393.9  8055.5 130521.5   130756
read      307.6   210.4    80.4   132.1   147.2   268.9   335.4   372.9   399.9   433.0   482.1   589.4  1000.5  2123.1  7389.1  69921.3    69916
read      273.6   129.3    86.8   128.9   141.8   254.4   317.7   350.2   372.1   396.4   426.4   470.6   595.2  1129.5  2499.8  72150.7    72019
read      284.8   143.9    80.4   131.3   145.1   260.9   326.4   361.3   384.8   411.3   445.3   501.0   692.4  1422.5  3042.0  78186.5    78070
read      301.7   164.7    80.4   137.7   152.8   270.5   344.2   387.2   415.6   447.0   486.0   546.0   701.7  1176.2  5156.4  99556.2    99548
read      257.6   102.9    86.8   130.5   142.8   256.7   300.5   320.4   334.9   350.5   370.2   400.1   467.3   646.5  2861.9  36426.7    36393
read      544.3   565.4    86.8   186.6   207.4   298.3   389.7   580.8   802.4  1084.4  1371.2  1604.4  2768.3  4297.8  7980.9 172428.2   172591
read      331.0   543.0    86.8   141.2   154.6   233.2   275.6   307.3   335.8   380.5   471.4   753.4  1661.3  7924.4  9496.0   8316.8     8325

Total QPS = 87918.5 (105502144 / 1200.0s)

Total connections = 64
Misses = 0 (0.0%)
Skipped TXs = 0 (0.0%)

RX 26059029074 bytes :   20.7 MB/s
TX          0 bytes :    0.0 MB/s
Warning! Detected max cpu usage > 95%
CPU Usage Stats (avg/min/max): 99.84%,5.03%,100.00%
