Random waveform, supplied seed
Total number of intervals = 200 (8195, 158594, 149766, 10382, 170548, 150565, 137144, 143496, 144743, 116745, 129314, 144723, 117379, 119931, 132052, 143350, 143518, 172981, 94027, 170019, 179090, 47130, 19439, 128963, 23787, 61848, 101968, 108767, 97139, 158594, 141240, 41405, 57997, 133577, 53832, 139832, 170515, 128494, 20789, 63647, 64802, 55719, 174179, 106356, 178750, 105831, 110667, 8803, 45662, 30867, 45656, 100938, 132360, 67591, 33910, 85729, 12884, 45621, 36938, 56902, 102243, 14085, 94103, 58175, 151312, 83333, 165153, 123975, 28449, 14903, 31189, 40636, 80574, 168820, 162621, 101621, 58592, 153042, 112238, 160265, 57109, 88551, 8385, 34088, 113600, 131842, 112066, 72585, 133669, 11820, 12639, 118548, 165754, 86823, 16898, 123124, 72278, 47757, 60510, 25237, 97783, 118966, 16631, 11743, 115026, 122371, 7198, 25022, 157513, 171975, 154918, 139185, 152724, 20845, 140348, 88725, 134088, 66126, 78214, 55191, 54081, 112478, 179666, 100584, 127920, 6594, 25020, 129587, 10277, 148458, 66114, 49261, 133049, 106628, 23498, 103564, 161774, 39037, 163622, 132405, 131596, 174543, 90567, 116582, 13888, 119224, 156471, 164013, 41909, 128280, 107066, 46119, 10227, 10870, 146664, 19865, 113409, 70623, 52633, 104630, 42594, 95196, 52243, 37031, 39878, 110750, 8231, 63638, 90167, 50555, 15997, 43089, 12188, 76615, 143480, 63793, 71996, 41778, 21860, 45582, 81972, 42852, 51852, 109368, 55794, 35534, 90576, 95085, 100029, 72551, 84629, 74136, 130756, 69916, 72019, 78070, 99548, 36393, 172591, 8325)
Average QPS expected = 87951
Timestamp start: 1746890771902
Timestamp end: 1746891972229

#type       avg     std     min      p5     p10     p50     p67     p75     p80     p85     p90     p95     p99    p999   p9999      QPS   target
read      250.3   126.5    86.8   149.7   167.1   243.2   271.3   286.9   297.1   311.3   328.4   356.7   423.6  1090.4  6819.7   8198.0     8195
read      313.4   192.5    80.4   156.5   176.3   283.6   335.5   367.0   391.4   421.6   462.5   533.1   786.5  2686.5  5512.7 158500.8   158594
read      307.1   194.1    80.4   153.2   172.4   280.1   333.2   364.7   388.3   416.8   455.3   517.6   690.5  2788.9  7468.9 149915.2   149766
read      280.3   321.1    93.8   146.8   165.2   247.4   279.3   296.8   310.3   325.5   347.1   391.5  1093.5  5127.4  8070.0  10349.5    10382
read      500.1   536.0    86.8   203.3   236.4   348.3   411.9   464.6   514.9   596.2   948.8  1485.7  2604.2  6665.6  9111.0 170209.5   170548
read      377.4   199.9    86.8   193.5   222.5   338.3   400.3   443.7   478.0   521.6   578.8   666.6   869.9  1770.0  7752.5 150673.0   150565
read      313.8   170.6    80.4   149.5   169.2   290.7   349.2   383.2   407.6   437.1   476.9   540.6   685.1  1874.9  5836.4 137034.2   137144
read      302.6   194.1    80.4   153.1   173.2   278.8   326.6   354.7   375.2   400.9   435.0   493.1   671.4  2930.6  6503.9 143220.3   143496
read      303.4   240.1    80.4   148.8   166.1   266.8   314.8   343.3   365.8   393.5   431.5   502.5  1315.3  3269.6  7311.1 144763.5   144743
read      261.6   180.3    80.4   132.7   146.5   232.9   284.6   314.3   336.0   361.6   394.1   446.4   600.5  2635.1  6357.0 116766.3   116745
read      253.8   135.7    80.4   133.1   146.9   230.0   278.8   307.8   328.6   353.1   384.4   431.6   545.6  1498.6  4824.2 129438.8   129314
read      278.2   151.0    80.4   141.1   157.3   254.4   305.2   335.4   357.9   384.9   420.2   474.8   614.6  1844.0  4832.5 144634.5   144723
read      245.3   130.2    80.4   129.3   141.5   219.3   269.5   299.2   320.3   344.8   374.3   419.7   536.4  1400.8  3608.6 117490.0   117379
read      248.4   136.8    74.4   130.9   143.5   222.9   273.0   302.7   323.8   348.4   379.0   424.9   535.1  1473.4  4181.5 119939.0   119931
read      257.0   148.0    80.4   135.6   149.7   232.4   280.0   308.0   328.3   352.4   383.7   431.2   567.6  1697.8  4626.2 132046.5   132052
read      265.9   134.7    80.4   141.3   156.8   244.7   290.9   317.7   338.1   362.5   394.0   443.3   570.6  1540.0  4025.4 143322.0   143350
read      267.7   140.7    86.8   142.3   157.9   245.5   291.7   318.5   338.9   363.3   395.0   445.8   580.9  1724.5  3980.0 143423.2   143518
read      341.9   182.6    80.4   167.6   189.7   307.9   372.6   414.3   446.1   484.3   534.0   608.9   772.2  1823.7  7060.6 173026.3   172981
read      251.4   129.2    80.4   128.9   141.1   227.2   281.8   311.7   332.5   356.4   385.9   430.5   548.4  1371.5  3428.6  94219.0    94027
read      332.3   171.6    74.4   167.9   190.4   307.4   364.1   398.0   424.3   456.2   497.8   564.6   714.0  1749.7  5731.2 170174.2   170019
read      333.1   157.9    86.8   172.0   194.3   308.0   364.5   398.6   425.0   456.7   498.2   562.9   704.1  1673.2  5047.0 178999.7   179090
read      260.2   163.2    80.4   127.2   138.7   240.1   292.4   318.6   337.9   360.6   390.0   436.2   580.4  2238.5  3964.1  47247.5    47130
read      278.6   138.2    86.8   139.1   155.7   272.8   312.3   333.0   346.9   364.7   386.5   420.8   534.0  1635.5  5288.0  19354.5    19439
read      332.7   328.9    86.8   143.4   160.5   270.0   326.2   359.4   384.7   417.2   466.4   590.6  1681.9  3710.8  7713.6 129016.3   128963
read      268.7   131.4    93.8   137.7   152.3   263.4   302.0   322.1   337.1   354.1   374.8   409.1   494.5  1413.4  5920.1  23803.0    23787
read      259.3   145.1    86.8   126.2   137.1   240.9   301.4   328.4   346.2   368.3   396.9   443.3   565.8  1423.4  5122.2  61757.0    61848
read      242.6   116.6    80.4   127.0   138.5   216.2   272.0   303.8   325.5   349.2   377.3   418.5   507.7  1088.3  3590.4 101793.8   101968
read      244.4   117.1    80.4   128.7   140.5   218.4   272.4   303.7   325.2   349.2   378.3   420.4   511.0  1167.8  2945.7 108802.3   108767
read      243.9   127.7    80.4   126.5   137.9   216.8   274.7   306.9   328.3   351.9   379.8   421.0   518.8  1082.5  3559.5  97179.0    97139
read      315.0   154.6    86.8   153.5   173.4   289.3   350.8   387.4   413.8   445.1   485.1   545.2   684.1  1536.0  4143.1 158782.8   158594
read      270.0   135.8    80.4   141.1   156.7   248.6   297.1   325.4   345.9   371.0   402.8   455.8   585.0  1349.3  4801.8 141074.5   141240
read      272.0   136.0    86.8   128.1   139.9   264.1   314.3   340.1   358.8   380.0   405.8   448.1   549.4  1678.7  3128.8  41439.3    41405
read      265.3   132.7    80.4   125.9   137.2   250.6   308.8   336.7   356.5   379.2   409.5   459.0   573.3  1287.9  2953.0  58161.5    57997
read      256.6   124.4    80.4   136.4   150.4   233.9   281.9   310.2   331.0   355.8   387.3   434.0   547.1  1232.3  3443.6 133655.0   133577
read      245.4   107.5    86.8   126.4   137.3   234.5   288.6   311.8   326.8   343.3   364.5   395.5   465.5   743.3  3538.8  53852.7    53832
read      254.0   124.2    80.4   136.8   150.8   232.3   278.7   306.5   326.7   350.8   382.2   429.1   540.2   879.9  4947.2 139716.2   139832
read      319.8   195.0    80.4   162.0   182.4   286.7   337.3   369.2   394.9   427.6   472.7   555.0   845.6  2672.0  5927.5 170550.8   170515
read      258.9   144.5    80.4   132.0   146.1   231.8   281.4   310.7   332.4   358.7   392.9   449.5   635.5  1657.5  4047.5 128661.2   128494
read      286.6   215.0    93.8   136.4   152.0   259.7   300.6   323.3   341.7   365.5   399.3   469.9  1072.9  2857.9  7582.0  20781.5    20789
read      300.4   317.5    86.8   125.4   137.7   254.6   314.8   346.8   370.8   399.2   435.9   504.1  1480.2  4671.3  7862.1  63655.8    63647
read      243.6   121.0    80.4   122.9   133.8   224.9   282.6   308.7   325.6   344.4   368.6   403.9   512.6  1093.9  3308.2  64809.2    64802
read      243.5   101.9    80.4   124.7   135.6   230.8   284.3   308.1   323.5   341.4   364.2   398.5   487.9   809.1  2683.8  55626.3    55719
read      323.7   163.6    80.4   167.1   188.8   300.8   354.5   385.7   408.3   436.0   473.5   538.9   712.1  1669.2  5270.4 174204.5   174179
read      258.0   159.5    80.4   128.1   140.6   224.4   277.8   309.2   331.6   358.1   392.8   455.8   803.2  1817.0  3842.4 106334.2   106356
read      336.2   210.9    80.4   166.3   188.7   305.5   363.6   398.2   424.8   456.7   499.0   569.8   764.3  3272.7  6177.2 178676.2   178750
read      245.0   119.4    80.4   127.0   139.2   219.9   271.4   301.2   321.9   346.2   376.7   425.1   554.1  1170.0  2984.9 105771.3   105831
read      244.9   142.6    80.4   127.5   139.1   216.8   269.2   299.9   321.3   345.8   375.4   420.4   545.8  1942.2  3654.0 110490.0   110667
read      257.3   134.6    86.8   144.7   163.4   247.7   277.4   294.0   306.9   321.0   341.5   372.5   468.7  1518.5  7053.8   8869.3     8803
read      298.5   272.7    80.4   127.0   139.1   271.2   329.6   359.3   379.4   401.8   431.9   486.2  1074.4  3730.5  8354.1  45649.0    45662
read      283.2   204.1    86.8   130.3   143.4   273.1   319.4   343.0   360.1   379.2   403.5   446.8   626.2  2029.3  9671.8  30898.5    30867
read      280.4   152.5    86.8   126.2   137.9   269.5   326.8   356.4   375.9   397.7   425.1   466.2   593.2  1706.7  3738.5  45753.2    45656
read      295.3   284.9    80.4   127.5   139.6   230.8   289.9   322.3   346.3   376.3   424.5   649.4  1508.8  3249.2  7733.8 100946.3   100938
read      254.2   205.2    80.4   132.2   145.8   226.5   273.5   301.8   322.1   346.6   378.4   428.0   579.5  2166.1  6011.7 132417.8   132360
read      240.7   108.9    80.4   123.3   133.8   222.0   282.5   309.5   326.8   345.0   367.8   400.4   473.5   733.5  2680.8  67722.8    67591
read      274.2   180.0    86.8   129.6   142.0   262.5   308.4   331.4   346.8   366.5   391.3   430.9   609.1  2617.4  5832.6  33946.5    33910
read      257.2   205.7    86.8   124.1   135.5   222.5   284.2   315.6   337.0   361.8   393.7   448.0   644.0  2743.4  7770.3  85865.8    85729
read      244.1   130.8    93.8   138.9   155.4   235.9   264.6   279.5   290.6   303.8   320.5   349.4   432.2  1697.5  5602.4  12859.0    12884
read      278.3   149.9    86.8   125.6   137.9   266.9   323.0   351.6   370.5   392.0   418.1   459.1   609.8  1895.6  3821.0  45490.2    45621
read      276.3   184.4    86.8   127.7   140.2   267.2   316.8   341.4   358.5   376.9   400.2   435.3   553.1  2324.5  7558.8  36963.8    36938
read      329.9   385.3    86.8   126.5   139.3   270.9   335.0   369.8   394.1   422.9   461.9   555.3  2061.3  4819.6  8485.7  56939.0    56902
read      259.8   164.3    80.4   126.3   138.3   222.1   278.7   311.3   334.3   361.2   396.3   467.9   905.1  1676.7  3647.3 102118.2   102243
read      242.6   108.4    80.4   137.6   154.0   237.0   265.6   280.5   291.3   304.2   319.9   347.0   430.1  1137.1  5489.2  13945.2    14085
read      254.8   142.2    80.4   125.5   137.4   223.6   284.0   316.2   338.4   364.2   397.5   457.3   667.2  1544.0  3206.6  93911.5    94103
read      241.9   215.8    80.4   123.6   134.3   228.5   281.5   304.6   319.3   336.5   357.5   389.6   462.6   990.4 16342.4  58148.5    58175
read      272.6   139.9    80.4   143.1   159.5   249.6   295.9   323.4   344.3   370.6   404.3   462.7   624.0  1484.2  3199.6 151569.2   151312
read      238.8   113.3    74.4   122.8   133.7   215.0   274.8   305.2   324.6   345.5   370.7   406.3   489.6   748.5  3678.7  83616.5    83333
read      302.7   143.2    86.8   156.9   176.6   281.9   332.4   362.3   384.6   411.5   448.2   505.4   644.0  1334.0  3768.9 165246.7   165153
read      248.6   143.7    80.4   130.3   143.3   223.1   272.2   301.7   322.7   347.3   378.5   425.4   547.1  1416.3  5331.2 123904.3   123975
read      261.9   100.2    86.8   130.8   143.9   259.4   300.0   320.3   335.5   352.3   372.9   405.2   492.1  1205.6  1605.1  28477.7    28449
read      258.9   129.0    93.8   139.9   157.1   253.4   285.4   302.3   314.6   329.5   347.9   379.5   460.2  1458.5  6657.2  14769.8    14903
read      270.8   187.0    86.8   129.3   142.1   265.5   310.3   332.5   347.1   365.1   386.9   419.9   504.9  1633.8  8366.4  31120.7    31189
read      272.8   130.0    86.8   126.7   138.7   266.5   318.7   344.6   362.6   382.4   405.4   444.5   549.8  1191.0  2870.3  40525.2    40636
read      253.6   160.4    80.4   123.7   134.7   224.0   287.7   318.3   339.0   362.7   392.7   442.9   592.2  1969.8  4961.4  80593.0    80574
read      314.2   183.8    80.4   157.8   178.0   291.2   345.9   378.6   402.0   431.4   468.7   530.1   670.8  1701.3  6785.2 168620.5   168820
read      305.0   160.0    80.4   154.3   174.0   280.1   333.0   365.2   389.6   419.3   458.9   522.9   682.5  1666.7  6085.1 162609.3   162621
read      240.9   122.0    80.4   124.7   136.3   214.7   269.4   300.4   321.4   344.7   372.7   414.8   528.7  1226.1  3680.8 101596.3   101621
read      242.6   115.3    86.8   124.0   134.7   229.9   285.4   309.1   324.5   341.8   363.6   394.9   466.1   887.4  4415.7  58610.8    58592
read      269.4   138.7    74.4   142.5   158.9   248.9   294.2   320.6   341.2   366.0   398.1   451.2   585.5  1286.0  3798.6 153101.7   153042
read      245.5   140.0    80.4   127.3   139.2   218.3   270.4   301.0   322.3   346.7   376.5   422.9   557.4  1552.2  4800.7 112512.5   112238
read      297.7   163.7    80.4   151.7   170.6   272.7   322.0   352.2   374.4   402.7   441.8   507.5   711.6  1604.5  5796.5 160456.2   160265
read      245.1   132.6    86.8   124.4   135.5   232.2   287.0   310.8   326.2   343.3   365.4   398.5   480.9   866.5  4534.4  57121.2    57109
read      244.2   124.5    80.4   123.9   135.0   218.0   278.5   309.3   329.7   352.0   379.0   421.0   534.4  1237.1  3579.1  88587.5    88551
read      255.6   113.1    93.8   143.3   160.9   250.0   279.3   295.8   308.6   322.4   342.3   373.8   453.8  1053.6  6948.5   8428.5     8385
read      275.5   147.2    86.8   128.4   141.1   269.5   316.7   340.5   357.2   375.2   399.3   435.4   561.7  1840.5  3819.6  34178.5    34088
read      299.5   295.0    80.4   129.4   142.8   237.4   293.2   323.5   345.8   373.6   415.1   541.3  1614.7  3195.0  7435.5 113513.7   113600
read      246.8   124.2    80.4   131.4   144.7   224.9   271.5   299.1   319.1   342.9   372.4   417.9   526.5  1107.4  3480.8 131285.0   131842
read      242.3   128.5    80.4   126.5   138.5   216.9   268.6   298.8   319.8   343.7   372.5   416.0   525.4  1469.8  3454.4 111928.7   112066
read      240.2   115.5    80.4   122.4   133.0   220.5   280.2   307.6   325.2   344.4   368.2   401.7   480.9   896.4  3449.7  72593.3    72585
read      258.4   136.0    80.4   134.6   148.9   234.1   282.2   310.6   331.5   356.5   389.3   440.4   593.4  1477.6  4094.9 133570.3   133669
read      243.3   100.8    93.8   140.0   156.4   236.6   264.6   279.2   290.5   303.7   319.9   349.4   442.6  1379.6  3108.6  11827.5    11820
read      236.7   201.6    86.8   136.1   151.1   229.2   254.7   268.8   278.5   290.5   305.5   328.4   390.0  1999.4  8537.5  12665.2    12639
read      309.8   317.0    80.4   132.5   147.0   244.6   297.4   327.4   349.9   379.2   424.6   586.1  1629.4  3569.2  7880.8 118565.5   118548
read      304.8   161.6    80.4   154.7   174.7   283.2   335.0   365.2   387.8   415.0   451.7   508.7   659.4  1641.1  6571.2 166049.0   165754
read      241.0   124.4    80.4   123.2   134.4   217.0   275.0   305.1   324.5   345.7   371.5   410.0   505.0  1253.0  3250.2  87055.0    86823
read      246.6   140.8    93.8   135.4   150.7   240.8   270.6   286.7   297.5   311.8   329.3   358.2   439.7  1548.5  7509.7  16904.7    16898
read      324.3   329.6    80.4   135.2   150.4   253.9   305.9   335.7   359.2   390.2   438.9   668.0  1714.0  3449.6  7538.1 123021.5   123124
read      246.0   123.8    80.4   123.5   134.6   226.5   285.7   313.0   331.1   351.0   375.1   414.9   525.3   985.8  3798.8  72218.7    72278
read      271.4   129.4    80.4   125.5   137.6   262.2   314.4   341.6   361.2   383.4   410.3   452.6   569.4  1365.5  2756.8  47709.5    47757
read      288.1   239.4    86.8   125.5   138.3   268.5   330.5   363.9   386.9   412.4   444.2   494.3   678.7  1846.2  7812.8  60412.7    60510
read      268.9   123.2    86.8   131.9   145.7   267.2   305.6   325.1   339.5   356.4   376.4   410.9   506.6  1447.2  3650.5  25224.7    25237
read      277.6   186.2    80.4   127.8   140.1   234.3   296.3   331.0   356.6   388.5   436.0   556.1   965.5  1730.7  3636.7  97838.0    97783
read      246.7   135.8    80.4   128.9   141.3   221.1   271.0   300.6   321.4   345.7   376.0   423.1   563.9  1369.6  4031.3 118907.0   118966
read      254.7   112.7    93.8   139.5   155.8   251.2   282.1   298.1   311.1   325.4   344.6   375.6   455.8   887.1  5011.2  16551.2    16631
read      251.5    81.5    86.8   141.0   158.6   248.9   277.2   292.7   304.4   318.0   337.4   367.1   444.8   952.0  2281.3  11788.3    11743
read      341.0   362.2    80.4   132.6   147.4   253.7   307.4   337.7   362.0   395.2   460.0  1236.1  1739.5  3423.3  7608.7 115049.8   115026
read      244.6   117.0    80.4   129.3   141.9   220.8   269.2   298.3   319.2   343.7   373.6   420.3   541.0  1158.8  2966.6 122570.8   122371
read      245.1   137.8    93.8   141.9   157.7   238.1   265.7   280.7   292.1   306.3   324.2   355.3   436.0  1168.5  6305.0   7210.3     7198
read      263.3    94.7    86.8   131.3   145.1   263.8   300.6   319.2   333.2   348.2   369.3   401.1   481.2   870.4  1558.9  24946.7    25022
read      352.7   270.6    80.4   163.6   187.0   306.4   362.0   395.9   422.7   456.8   505.4   609.2  1500.2  3101.2  7297.7 157311.5   157513
read      324.4   168.8    80.4   162.6   183.6   300.5   358.2   391.8   416.6   446.8   486.8   548.5   695.7  1734.6  6352.4 171799.7   171975
read      300.6   152.0    80.4   152.2   171.7   277.5   328.9   359.9   383.3   411.7   450.1   510.0   667.1  1561.2  4890.8 155082.8   154918
read      266.9   158.4    74.4   138.2   153.0   242.2   290.5   318.5   339.9   365.5   398.6   452.7   597.3  2005.3  5825.1 139205.8   139185
read      282.8   151.3    86.8   145.3   162.6   259.7   308.2   337.0   358.8   385.1   420.4   476.6   625.9  1966.6  4388.7 152663.3   152724
read      264.5   208.2    86.8   135.6   150.6   259.0   292.8   311.2   324.0   340.2   361.8   396.0   485.3  1573.5 14042.5  20829.8    20845
read      328.3   294.1    80.4   144.9   163.0   272.0   322.2   352.8   376.2   406.5   454.7   576.5  1631.6  3252.7  7545.1 140230.2   140348
read      238.6   108.7    80.4   123.3   134.2   215.6   273.8   304.4   324.2   345.8   371.5   407.4   493.4   742.8  2138.2  88588.2    88725
read      252.9   126.2    80.4   134.3   148.6   230.9   276.7   304.3   324.4   348.2   378.7   425.9   546.7  1416.7  3330.5 133752.8   134088
read      242.7   117.5    80.4   123.8   134.6   228.2   285.0   310.0   326.1   343.5   365.7   397.8   470.4   954.8  3089.2  66242.2    66126
read      243.6   124.8    86.8   123.5   134.4   222.9   282.9   311.5   330.0   349.8   373.6   410.5   503.3   894.5  4609.0  78319.8    78214
read      244.7   102.7    80.4   125.3   136.2   237.9   287.8   309.8   324.1   340.6   361.4   392.6   466.6   820.9  2460.1  55199.2    55191
read      269.8   143.8    80.4   125.7   137.6   258.0   311.2   338.7   358.6   381.5   410.2   454.6   569.1  1609.9  3670.8  54143.2    54081
read      323.6   340.0    80.4   132.1   146.3   248.4   302.5   332.9   356.3   387.3   436.8   811.0  1716.7  3436.8  7711.1 112450.5   112478
read      321.9   134.8    80.4   175.2   197.1   303.8   351.5   379.9   400.9   427.9   463.7   522.7   667.9  1243.6  3468.5 179764.3   179666
read      237.2    98.8    80.4   124.6   136.2   217.1   270.1   299.3   318.6   339.9   365.3   400.6   479.5   664.2  1860.4 100468.5   100584
read      249.5   152.0    74.4   131.3   144.6   226.1   273.6   302.2   322.4   346.1   375.8   422.8   546.4  1087.4  6445.8 128000.0   127920
read      248.9    99.8    93.8   145.5   161.9   242.9   268.8   284.2   295.5   310.2   328.9   361.9   452.4  1090.1  3924.9   6575.3     6594
read      247.4    84.8    86.8   137.7   151.2   250.4   276.7   291.3   301.6   314.4   331.3   358.8   423.4   557.6  2034.0  25093.5    25020
read      243.2   118.6    80.4   131.0   143.9   222.8   269.2   297.2   317.6   341.1   369.7   411.7   504.4   699.2  2257.7 129514.3   129587
read      248.1   120.7    86.8   148.1   165.0   243.7   267.7   281.3   291.6   304.1   319.8   347.6   422.5  1086.6  3378.0  10301.2    10277
read      258.4   108.3    80.4   140.1   155.2   239.4   283.7   309.8   329.2   352.8   383.8   431.8   548.2   839.8  2639.8 148527.0   148458
read      237.9    94.2    86.8   123.4   134.4   227.9   281.8   304.6   318.7   334.8   353.6   381.5   438.6   566.0  2474.7  66115.8    66114
read      244.5    97.2    80.4   128.4   140.0   245.9   286.7   304.6   316.2   330.0   345.8   371.9   430.8   680.9  2793.7  49319.5    49261
read      247.2   103.4    80.4   133.5   147.1   227.6   273.7   301.3   320.8   344.2   372.8   416.5   510.3   715.6  2892.8 132841.5   133049
read      237.2    98.2    80.4   125.9   137.7   217.0   268.7   297.9   317.5   339.0   364.5   400.2   478.0   637.5  1899.3 106714.5   106628
read      249.4   104.1    86.8   140.1   154.4   250.7   276.6   290.8   300.6   313.4   329.8   356.8   419.7   660.4  3908.9  23465.0    23498
read      234.7    96.3    80.4   124.2   135.7   213.9   266.7   296.5   316.1   337.4   362.4   397.5   469.8   618.4  1732.6 103680.8   103564
read      283.2   122.8    80.4   151.5   169.5   262.9   308.8   336.5   357.8   384.1   419.8   477.4   617.2  1017.5  3475.1 161669.7   161774
read      247.7   107.4    86.8   131.2   143.3   251.8   285.5   301.4   312.5   324.8   341.7   368.0   428.2   681.4  4198.8  39140.8    39037
read      323.6   165.2    80.4   162.5   183.5   291.9   344.3   377.7   403.7   438.3   490.0   584.4   859.6  1604.2  5110.4 163579.0   163622
read      254.1   117.6    80.4   134.4   148.6   233.0   280.6   308.8   329.2   353.4   384.4   432.2   550.9   824.0  3961.4 132596.3   132405
read      253.9   139.5    80.4   133.7   147.8   230.9   278.6   307.2   327.8   352.3   383.7   433.1   577.0   956.3  3776.3 131281.3   131596
read      319.7   190.1    86.8   170.1   191.9   298.1   345.8   374.6   397.3   425.6   464.3   531.6   706.2  1225.8  5804.7 174702.0   174543
read      244.4   116.2    80.4   125.4   137.3   224.6   279.2   307.3   325.9   346.4   372.4   414.1   523.0   774.4  2291.1  90802.0    90567
read      244.1   101.8    80.4   128.9   141.4   223.5   272.9   301.8   321.6   344.5   372.4   415.5   518.6   754.2  2341.1 116615.5   116582
read      247.9   106.2    86.8   146.1   163.3   245.3   268.6   281.6   291.3   303.2   318.8   345.6   418.4  1012.5  4175.9  13933.0    13888
read      242.6    99.6    80.4   129.2   141.7   221.8   270.5   299.2   319.5   342.6   370.5   411.7   509.3   772.0  1681.8 119098.0   119224
read      289.9   128.3    80.4   151.3   169.3   266.1   314.3   343.6   366.7   395.2   434.1   502.7   685.7  1159.3  2588.9 156646.8   156471
read      292.3   134.0    80.4   155.3   174.3   271.3   318.3   346.5   368.7   395.8   432.4   494.6   644.7  1056.0  2669.6 164001.8   164013
read      245.5    86.5    86.8   130.2   142.4   247.5   283.2   299.9   311.9   325.1   342.8   371.1   437.5   625.9  2540.4  41889.5    41909
read      247.2   113.0    80.4   131.9   145.4   227.0   273.8   301.8   321.3   344.6   373.1   417.7   519.4   741.5  3430.3 128394.2   128280
read      243.8   112.0    80.4   126.9   138.9   221.8   273.7   303.0   322.6   344.6   371.9   416.2   541.4   861.7  3266.4 107135.2   107066
read      246.4    91.3    86.8   129.0   141.0   247.4   286.4   304.5   316.5   331.3   348.2   376.5   447.4   619.6  2351.4  46105.2    46119
read      250.4   120.6    93.8   148.4   167.7   244.7   268.8   282.8   293.1   306.6   323.1   354.8   422.9  1113.5  7049.2  10179.5    10227
read      248.1    92.9    86.8   148.0   167.1   243.7   268.0   281.9   292.2   305.0   320.5   350.8   421.6  1037.0  3996.2  10832.8    10870
read      256.8   106.8    80.4   139.4   154.4   237.2   281.7   308.1   327.6   351.3   382.6   431.3   549.7   766.4  2945.2 146430.3   146664
read      249.7    87.6    93.8   143.3   159.4   250.8   275.0   288.9   297.7   310.5   324.9   349.0   410.8   560.9  3007.9  19894.5    19865
read      239.4   110.3    80.4   127.8   139.8   218.8   268.1   297.3   317.4   339.7   366.6   403.7   487.5   685.7  2546.0 113296.3   113409
read      239.8    95.6    80.4   123.8   135.0   227.8   282.7   306.7   321.5   338.5   359.1   389.5   455.1   597.6  1906.5  70757.8    70623
read      246.0    93.5    86.8   128.3   140.0   245.2   289.1   308.2   320.2   335.2   352.7   379.7   436.9   564.4  2335.6  52659.2    52633
read      237.8   106.4    80.4   125.8   137.6   217.2   268.9   298.3   317.9   339.5   365.0   400.4   476.7   637.7  4145.3 104723.5   104630
read      245.3    88.0    86.8   130.7   142.8   249.1   285.2   301.6   312.9   325.5   341.6   366.8   420.7   526.4  1940.6  42586.7    42594
read      236.7    96.8    80.4   124.2   135.8   217.2   271.1   299.9   318.4   338.7   362.8   397.3   471.4   640.3  1970.6  95262.5    95196
read      244.3   101.6    80.4   127.7   139.1   242.9   286.7   305.7   317.8   332.4   348.8   374.6   432.0   550.0  2843.2  52331.0    52243
read      248.0    84.6    86.8   132.9   145.7   252.2   284.9   300.6   311.9   324.4   341.7   368.4   428.6   565.8  2295.4  37136.2    37031
read      245.2    89.3    86.8   131.2   143.5   249.0   283.4   299.2   310.4   321.9   338.9   363.9   416.6   551.2  2862.9  40047.8    39878
read      238.1    96.8    80.4   127.1   139.0   217.6   267.6   296.7   316.9   339.1   365.4   402.1   486.2   656.9  1945.6 110697.5   110750
read      244.4    93.4    93.8   148.9   167.1   239.9   263.4   275.5   286.5   297.7   315.1   342.6   409.5  1058.6  3503.5   8257.5     8231
read      238.9    92.4    80.4   124.4   135.6   231.2   282.2   304.2   317.9   333.7   352.0   379.5   436.3   544.9  2143.4  63518.3    63638
read      235.3    97.7    80.4   123.1   134.2   216.1   271.2   299.6   317.5   337.1   360.5   393.9   465.0   665.7  2562.2  90159.0    90167
read      239.5    91.2    80.4   126.7   138.1   239.4   280.5   298.3   310.4   323.0   340.4   366.9   427.3   570.7  2092.1  50480.2    50555
read      240.0    79.8    86.8   143.6   160.4   237.7   261.2   273.5   283.8   294.9   311.3   337.1   399.5   548.8  3951.9  15978.5    15997
read      240.4   101.9    86.8   129.0   140.6   242.7   278.2   294.1   305.5   317.6   334.6   360.0   416.9   539.4  2830.8  43071.3    43089
read      245.6   157.8    86.8   146.4   164.6   238.9   262.6   275.0   285.8   296.8   315.1   343.8   416.6  1098.3  8027.8  12155.7    12188
read      236.6    97.1    80.4   122.7   133.8   221.7   277.5   303.1   319.0   336.6   357.3   387.5   451.0   586.4  2040.0  76537.5    76615
read      252.4   107.3    74.4   137.1   151.6   233.1   277.1   303.8   322.9   345.9   375.2   422.9   535.4   788.7  3282.1 143446.3   143480
read      236.0    92.5    80.4   123.2   134.2   227.8   278.5   299.8   313.3   328.4   345.6   372.9   432.6   577.6  2334.8  63993.7    63793
read      237.1    95.9    86.8   122.9   134.1   224.3   278.1   302.1   317.1   334.3   354.9   386.3   458.3   620.0  1902.3  72068.3    71996
read      241.7    95.9    86.8   129.3   141.0   244.1   279.6   295.5   307.0   319.0   336.3   362.4   422.4   569.8  2366.8  41861.0    41778
read      246.3   132.7    86.8   140.3   155.1   245.4   270.7   284.6   294.1   306.6   320.9   348.7   417.4   567.3  8182.7  21771.5    21860
read      242.6   101.3    86.8   129.0   140.5   244.0   281.8   298.8   310.8   323.6   341.1   367.7   426.5   573.6  2365.3  45496.5    45582
read      235.4    95.2    80.4   122.9   134.0   219.1   274.2   300.6   317.2   335.7   357.4   388.9   457.3   590.9  1685.4  81954.8    81972
read      243.3   100.1    86.8   130.0   141.9   244.6   281.0   297.3   309.3   321.3   339.1   365.3   424.4   644.2  4014.4  42932.2    42852
read      240.5    92.7    80.4   126.8   138.1   238.7   281.4   300.0   312.4   326.3   343.8   371.2   433.8   577.2  3357.8  51855.3    51852
read      237.3   106.5    80.4   126.3   138.3   216.8   266.8   295.6   315.5   337.4   363.7   400.4   484.2   657.5  2426.2 109246.5   109368
read      239.9   108.5    80.4   126.3   137.7   236.1   281.3   300.8   313.5   327.8   344.5   371.0   429.6   550.2  3884.8  55795.8    55794
read      243.8    82.3    86.8   132.9   145.8   247.2   278.4   293.5   304.4   316.4   333.0   358.2   411.7   550.8  2228.8  35586.0    35534
read      234.7    98.1    80.4   122.7   134.1   216.4   269.8   297.2   314.9   334.7   358.4   393.2   467.9   627.5  2002.0  90763.8    90576
read      234.5    97.5    80.4   122.9   134.3   215.5   268.6   297.0   315.4   335.6   359.8   394.9   469.2   620.7  1910.1  95127.3    95085
read      242.6   117.8    74.4   125.4   137.4   220.1   272.3   301.0   320.0   341.8   369.4   413.6   542.3  1076.4  3361.4 100016.7   100029
read      235.1    98.9    86.8   122.2   133.5   222.7   274.9   298.2   313.3   330.1   349.6   380.4   448.0   587.3  3151.0  72496.0    72551
read      233.9    99.8    80.4   122.3   133.6   217.0   270.5   297.1   314.0   332.7   355.0   388.3   460.2   583.3  2655.1  84707.8    84629
read      235.4    97.9    80.4   122.5   133.7   222.4   275.1   298.8   314.1   331.3   352.0   383.5   453.0   599.6  2780.8  74264.7    74136
read      247.6   118.0    80.4   132.4   146.2   226.9   272.7   300.3   320.0   343.6   373.3   420.8   534.7   795.2  2889.6 130544.5   130756
read      237.8    98.2    80.4   123.2   134.6   226.0   277.5   300.7   315.5   332.6   353.2   385.7   459.4   700.4  2704.5  69867.7    69916
read      236.5    97.4    86.8   122.9   134.2   224.3   276.5   299.6   314.5   331.5   351.8   383.9   453.4   627.4  2323.0  71998.0    72019
read      242.7   108.5    80.4   124.8   136.5   226.8   281.4   306.7   322.7   341.4   365.1   400.7   493.5   789.0  2570.4  78034.7    78070
read      241.5   104.8    80.4   127.3   139.1   221.2   274.1   303.3   322.5   343.7   369.2   404.6   491.3   693.0  2663.2  99547.8    99548
read      246.6    80.5    86.8   133.7   146.4   250.5   283.5   299.1   310.1   321.2   338.3   363.6   418.2   529.3  2072.1  36526.7    36393
read      344.4   142.6    86.8   186.2   210.4   323.8   376.3   407.0   430.7   459.7   498.3   562.3   723.7  1305.3  3809.4 172528.2   172591
read      238.6    81.1    93.8   145.2   161.5   233.7   257.8   271.2   281.6   294.1   312.0   340.9   411.0  1058.7  2770.2   8348.2     8325

Total QPS = 87953.0 (105543616 / 1200.0s)

Total connections = 64
Misses = 0 (0.0%)
Skipped TXs = 0 (0.0%)

RX 26069272164 bytes :   20.7 MB/s
TX          0 bytes :    0.0 MB/s
Warning! Detected max cpu usage > 95%
CPU Usage Stats (avg/min/max): 99.84%,5.58%,100.00%
