Random waveform, supplied seed
Total number of intervals = 180 (8195, 158594, 149766, 10382, 170548, 150565, 137144, 143496, 144743, 116745, 129314, 144723, 117379, 119931, 132052, 143350, 143518, 172981, 94027, 170019, 179090, 47130, 19439, 128963, 23787, 61848, 101968, 108767, 97139, 158594, 141240, 41405, 57997, 133577, 53832, 139832, 170515, 128494, 20789, 63647, 64802, 55719, 174179, 106356, 178750, 105831, 110667, 8803, 45662, 30867, 45656, 100938, 132360, 67591, 33910, 85729, 12884, 45621, 36938, 56902, 102243, 14085, 94103, 58175, 151312, 83333, 165153, 123975, 28449, 14903, 31189, 40636, 80574, 168820, 162621, 101621, 58592, 153042, 112238, 160265, 57109, 88551, 8385, 34088, 113600, 131842, 112066, 72585, 133669, 11820, 12639, 118548, 165754, 86823, 16898, 123124, 72278, 47757, 60510, 25237, 97783, 118966, 16631, 11743, 115026, 122371, 7198, 25022, 157513, 171975, 154918, 139185, 152724, 20845, 140348, 88725, 134088, 66126, 78214, 55191, 54081, 112478, 179666, 100584, 127920, 6594, 25020, 129587, 10277, 148458, 66114, 49261, 133049, 106628, 23498, 103564, 161774, 39037, 163622, 132405, 131596, 174543, 90567, 116582, 13888, 119224, 156471, 164013, 41909, 128280, 107066, 46119, 10227, 10870, 146664, 19865, 113409, 70623, 52633, 104630, 42594, 95196, 52243, 37031, 39878, 110750, 8231, 63638, 90167, 50555, 15997, 43089, 12188, 76615, 143480, 63793, 71996, 41778, 21860, 45582)
Average QPS expected = 89046
Timestamp start: 1745947730050
Timestamp end: 1745949530375

#type       avg     std     min      p5     p10     p50     p67     p75     p80     p85     p90     p95     p99    p999   p9999      QPS   target
read      197.4   317.4    63.8   129.1   142.3   184.7   200.5   210.3   216.9   226.2   236.9   261.2   352.5  1224.6 18883.6   8133.7     8195
read      599.7   750.9    68.9   157.3   178.8   305.4   379.8   457.4   714.3  1365.6  1563.8  1877.7  3493.7  6984.4  8113.8 158500.4   158594
read      551.7   690.5    68.9   143.5   164.1   278.8   348.1   428.7   639.4  1317.8  1539.7  1799.3  3474.2  5794.6  8127.0 150036.0   149766
read      454.7   869.6    68.9   112.8   125.3   212.0   290.4   372.0   461.6   620.1   969.5  1506.7  5996.3  8091.1 10146.1  10392.2    10382
read      666.3   719.8    74.4   172.1   192.4   353.6   461.9   738.5  1339.1  1501.6  1642.3  1859.6  3512.1  5020.6  8087.0 170567.5   170548
read      541.5   616.2    74.4   174.6   196.5   355.6   438.0   497.4   557.9   691.8  1372.7  1714.3  3227.9  7059.0  8100.8 150588.0   150565
read      398.2   299.3    74.4   186.0   211.1   363.8   433.8   471.4   500.9   537.8   590.3   686.5   967.4  5475.9  8119.4 137337.6   137144
read      397.9   248.9    80.4   187.5   213.2   365.8   437.5   476.8   506.6   544.9   598.7   692.3   942.0  3617.6  7515.4 143504.5   143496
read      375.3   212.4    74.4   184.2   209.5   341.8   410.1   450.0   479.2   515.3   566.2   651.4   868.6  2561.6  7350.2 144659.7   144743
read      343.3   203.4    74.4   168.3   192.3   310.9   370.3   406.4   434.3   468.8   517.3   598.9   805.8  2482.5  7296.2 116789.9   116745
read      327.2   206.7    68.9   157.8   180.5   295.2   351.4   386.7   413.5   447.5   494.1   572.2   778.7  3010.4  6740.1 129346.2   129314
read      295.6   177.7    68.9   140.0   159.9   269.4   320.9   352.6   376.6   406.4   448.5   516.0   689.1  2383.6  5657.8 144923.3   144723
read      249.8   240.5    68.9   109.8   121.4   203.7   255.1   285.7   308.0   334.7   371.1   441.2  1405.7  3219.2  7169.7 117518.5   117379
read      226.0   140.0    68.9   108.4   119.4   197.7   247.8   277.7   299.6   324.8   357.6   407.6   567.0  1618.6  4211.6 119814.6   119931
read      230.3   148.4    68.9   111.6   123.7   202.5   250.7   279.5   300.8   326.0   358.9   410.9   568.1  1824.9  4177.5 132094.9   132052
read      243.8   173.6    68.9   116.8   130.9   217.3   265.4   293.3   314.2   339.5   373.0   431.8   604.6  2081.0  4454.1 143541.4   143350
read      232.1   138.6    68.9   113.5   126.6   207.1   253.1   280.8   301.3   325.6   358.0   409.5   561.3  1732.1  4432.5 143697.0   143518
read      301.9   170.7    68.9   144.0   165.2   277.6   332.5   366.4   392.5   423.9   464.2   526.0   656.5  1488.2  4550.0 172945.8   172981
read      215.9   124.5    63.8   102.6   112.2   187.7   242.6   274.1   295.5   319.2   347.1   392.9   527.8  1260.3  3522.3  94156.1    94027
read      344.5   184.2    74.4   160.4   185.4   313.4   379.7   421.1   451.7   487.9   533.8   604.0   775.6  1961.7  5661.9 169902.3   170019
read      391.8   190.7    74.4   174.6   207.5   354.9   446.5   493.4   526.0   564.4   616.2   697.7   869.9  1577.9  4510.1 178970.9   179090
read      230.4   139.8    68.9   103.9   114.8   207.2   257.2   286.0   307.0   333.3   369.4   426.4   566.6  1343.4  3204.9  47100.0    47130
read      218.5   103.6    68.9   108.9   125.7   207.6   241.3   263.2   277.1   292.5   312.4   343.2   432.8  1211.1  2548.9  19444.0    19439
read      259.2   222.8    68.9   113.1   126.5   214.2   265.7   296.7   320.4   350.0   391.5   467.7  1442.8  2513.1  4650.3 129055.5   128963
read      219.0   105.3    68.9   105.6   120.3   207.9   243.1   265.7   281.8   298.1   319.1   353.2   448.6  1061.8  3531.3  23821.2    23787
read      225.5   130.9    63.8   102.4   112.1   206.5   258.2   286.8   305.2   326.6   355.5   403.7   536.1  1397.1  3604.7  61735.1    61848
read      215.7   114.0    63.8   104.2   114.1   189.9   238.3   269.2   291.7   316.9   348.2   394.5   508.9  1132.3  2723.2 101995.5   101968
read      219.9   121.0    68.9   106.1   116.7   194.1   241.3   272.1   294.9   320.2   353.4   401.3   527.3  1153.9  3292.0 108805.0   108767
read      214.4   128.2    63.8   103.3   113.1   189.4   239.3   269.4   291.6   315.7   345.1   390.3   497.6  1007.2  2928.4  97092.4    97139
read      224.4    99.1    59.1   117.1   130.5   205.5   245.6   270.4   289.3   311.8   340.8   386.8   496.3   902.9  2357.8 158247.4   158594
read      231.7   161.4    68.9   111.7   123.9   199.9   243.8   271.3   292.6   317.8   351.6   409.9   773.8  2191.1  3470.2 141224.9   141240
read      256.2   228.6    63.8   101.7   113.3   218.3   265.9   299.3   324.3   355.0   396.7   481.0   985.1  3044.3  7688.5  41422.5    41405
read      261.8   172.8    68.9   102.3   113.5   229.7   294.3   334.9   364.4   397.3   438.8   503.3   709.9  1949.4  4270.7  57991.4    57997
read      535.8   862.0    68.9   146.8   166.0   283.6   331.8   365.4   398.7   471.1   975.5  3063.6  3624.3  7838.8  9219.5 133480.9   133577
read      287.4   341.5    68.9   103.3   115.7   227.0   289.0   331.7   363.4   400.2   452.8   567.7  1456.3  3445.5  8091.2  53687.1    53832
read      486.4   650.6    74.4   156.1   178.4   309.1   372.6   420.1   466.1   551.9   809.9  1560.7  3424.0  7037.3  8120.9 139656.1   139832
read      321.7   223.8    68.9   153.9   176.6   294.6   349.2   381.2   404.5   435.1   476.4   545.7   728.6  3220.1  7745.4 170641.0   170515
read      246.9   286.8    68.9   110.0   122.1   202.6   249.0   277.7   301.0   329.1   366.5   433.7  1050.1  3708.1  9311.9 128455.0   128494
read      201.1   126.1    68.9   108.8   123.7   191.7   214.4   227.1   235.6   248.4   265.4   295.9   411.2  1981.4  4477.1  20865.9    20789
read      221.7   163.0    63.8   100.8   110.2   201.8   250.1   273.5   291.7   314.0   342.3   392.0   534.6  2350.3  5706.5  63685.4    63647
read      210.6    99.8    68.9   101.2   110.4   197.6   244.7   267.3   283.2   302.3   327.3   363.8   456.3   771.3  2480.2  64813.6    64802
read      209.4   109.3    68.9   101.6   110.8   201.6   243.2   263.1   276.2   293.1   316.4   351.4   435.8   693.0  2246.1  55736.4    55719
read      260.6   157.1    68.9   129.6   146.4   237.9   283.8   311.0   331.4   356.4   389.9   443.3   583.4  1787.9  6125.6 173970.3   174179
read      209.8   117.0    68.9   102.5   112.1   184.0   231.7   260.0   280.0   304.6   336.5   382.8   502.3  1288.7  3020.0 106407.1   106356
read      293.2   161.5    68.9   144.4   164.8   272.4   323.7   353.7   375.5   402.0   436.5   492.6   622.1  1664.8  5871.1 178883.7   178750
read      212.2   121.8    68.9   103.0   112.8   185.1   232.6   260.8   281.3   306.7   339.5   388.4   531.2  1387.3  3119.8 105762.4   105831
read      214.3   142.5    63.8   103.7   113.6   186.3   233.3   261.6   282.0   307.5   340.6   390.9   544.2  1529.3  4551.2 110629.9   110667
read      189.4   145.1    74.4   118.8   131.9   174.9   192.3   201.9   210.5   219.5   232.9   259.4   504.0  2126.5  5736.6   8774.8     8803
read      247.4   182.0    68.9    99.6   110.3   222.3   275.6   310.5   335.2   361.1   392.0   437.0   631.1  2518.0  5367.4  45610.4    45662
read      234.2   147.6    68.9   104.1   117.3   218.3   260.1   283.3   300.1   322.5   346.9   387.3   537.6  1981.6  5138.4  30794.0    30867
read      254.0   208.6    68.9   100.4   111.1   225.3   279.5   315.1   339.4   366.3   398.4   448.0   723.6  3105.9  6002.1  45672.0    45656
read      223.5   169.6    68.9   104.5   114.6   191.8   242.1   271.4   292.8   320.1   354.5   409.9   627.5  2174.5  5711.7 101058.2   100938
read      222.6   135.4    68.9   109.6   120.9   196.6   239.9   267.1   287.5   313.3   346.2   398.8   545.7  1816.1  3515.6 132497.5   132360
read      216.3   115.5    63.8   102.8   112.2   200.7   251.8   275.4   292.1   313.1   338.8   376.8   479.0   776.1  2671.9  67697.9    67591
read      229.9   146.4    68.9   103.7   115.9   215.7   257.9   281.4   298.1   320.2   343.9   378.3   464.9  1986.8  5252.8  33888.0    33910
read      254.9   148.2    63.8   103.1   113.5   206.1   286.7   345.9   385.8   426.1   470.1   532.0   651.7   863.0  2745.7  85854.0    85729
read      192.2    98.6    74.4   114.8   131.4   186.9   208.2   219.7   228.5   237.9   251.6   272.6   326.7   502.9  4687.1  12880.8    12884
read      234.4   105.9    68.9   101.1   111.7   219.8   270.5   302.6   327.3   350.4   377.2   416.0   493.9   645.5  1694.8  45569.4    45621
read      229.6   102.2    63.8   102.7   114.6   217.6   263.7   290.3   310.7   332.7   356.8   391.4   461.4   642.4  2628.4  36864.4    36938
read      237.8   126.7    63.8    99.6   109.5   217.8   275.3   313.6   340.0   368.0   399.7   443.7   527.5   690.5  1885.7  57004.5    56902
read      272.3   178.9    63.8   107.0   118.7   209.0   289.6   365.9   416.5   464.9   519.3   599.3   786.5  1183.9  2285.7 102143.0   102243
read      190.3    66.9    68.9   112.6   129.0   186.0   208.1   220.2   229.0   238.7   252.4   273.3   329.4   496.3  2088.9  14082.8    14085
read      259.1   159.8    63.8   103.7   114.6   205.4   285.4   349.5   392.0   435.0   482.1   548.1   686.7  1125.6  3525.5  94015.4    94103
read      227.9   143.6    63.8   100.6   111.3   214.6   262.5   289.5   311.0   335.1   362.5   401.1   486.8   663.4  4381.6  58145.3    58175
read      544.8   630.1    68.9   149.0   171.3   281.0   339.5   421.0   849.2  1341.2  1486.6  1680.0  2946.7  4390.0  8068.3 151187.4   151312
read      422.9   533.4    63.8   122.0   141.2   243.8   303.7   362.8   437.7   625.7  1139.3  1496.5  2497.7  5061.1  8111.6  83335.3    83333
read      546.3   635.1    74.4   148.9   171.2   281.4   340.3   421.8   827.7  1334.4  1488.5  1688.6  3092.7  4422.0  8042.7 165236.5   165153
read      526.1   657.9    68.9   142.9   163.1   269.3   328.8   397.5   590.6  1252.1  1484.3  1733.2  3174.4  6243.3  8128.4 124021.6   123975
read      290.8   423.7    63.8   108.0   121.0   207.2   249.1   275.4   299.3   337.6   423.5   721.6  1732.8  7498.8  8135.4  28538.9    28449
read      199.6   198.9    68.9   115.5   133.1   192.9   213.9   225.5   233.4   244.1   257.1   279.5   340.6   484.7 10994.8  14860.2    14903
read      216.1    77.8    63.8   105.8   118.0   213.3   246.7   264.4   276.5   292.5   314.2   343.8   404.2   539.8  1244.1  31245.8    31189
read      219.9    87.2    63.8   103.1   114.4   214.0   254.0   274.5   291.1   310.3   333.0   365.5   431.6   548.3   915.3  40633.6    40636
read      231.5   123.0    63.8   100.2   110.5   208.3   266.6   302.7   328.1   356.0   388.8   433.9   527.7   747.5  2849.7  80515.8    80574
read      544.5   630.2    74.4   148.8   171.3   281.3   339.4   421.5   806.3  1333.4  1487.9  1687.5  3036.5  4389.2  7997.5 168843.4   168820
read      553.3   687.1    68.9   147.6   170.0   279.0   334.1   399.9   656.5  1343.8  1536.6  1784.1  3416.8  4886.4  8091.8 162473.5   162621
read      536.1   681.3    68.9   146.6   167.9   267.8   321.0   386.1   610.4  1290.0  1494.8  1752.8  3379.6  7127.1  8136.8 101452.2   101621
read      500.9   642.1    68.9   139.3   156.9   251.8   318.1   414.6   654.6  1046.0  1390.7  1662.5  2979.9  7524.1  8138.4  58610.5    58592
read      547.7   660.6    74.4   148.3   171.2   278.4   333.6   403.8   700.8  1332.4  1511.4  1733.7  3305.9  4649.2  8067.5 153017.8   153042
read      553.4   693.2    68.9   147.6   170.1   277.2   332.7   400.8   659.0  1326.6  1529.1  1793.8  3446.3  6992.7  8108.0 112270.2   112238
read      527.4   652.9    68.9   145.6   165.6   268.0   323.0   391.4   619.4  1257.5  1484.7  1731.8  3249.4  4811.4  8093.7 160125.3   160265
read      441.4   553.5    68.9   133.5   149.3   235.2   310.3   441.1   594.8   792.5  1092.9  1449.4  2482.5  7469.6  8213.5  57086.5    57109
read      301.4   281.2    63.8   112.4   126.5   221.0   296.0   359.5   406.5   463.5   550.7   742.1  1287.5  2032.2  7398.1  88602.2    88551
read      181.3   192.5    68.9   120.2   132.4   174.5   190.6   199.8   207.1   215.8   228.0   248.2   304.1   452.5 11790.2   8381.3     8385
read      215.9    81.0    63.8   105.0   116.9   210.8   247.8   269.3   283.7   298.4   317.7   346.7   406.2   518.6  1037.2  34103.7    34088
read      280.8   180.9    63.8   111.2   124.1   219.4   299.0   364.3   408.6   456.7   518.3   621.4   894.0  1348.0  2024.2 113498.2   113600
read      532.6   612.3    74.4   147.5   170.6   275.0   331.7   409.8   812.7  1312.9  1462.0  1651.9  2852.4  4447.0  8058.0 131659.9   131842
read      499.3   594.3    68.9   141.2   161.8   259.5   316.5   391.7   617.4  1171.8  1411.0  1647.2  2755.5  4611.1  8030.7 112163.6   112066
read      231.0   115.0    63.8   100.4   110.8   209.3   269.4   302.6   325.9   351.6   382.0   426.4   527.6   747.8  1700.2  72423.8    72585
read      522.8   616.4    74.4   143.5   164.7   272.6   328.8   400.0   669.1  1291.4  1460.4  1658.0  2931.7  4516.2  8060.0 133537.1   133669
read      207.7   210.9    68.9   116.9   131.9   186.3   207.1   218.9   229.0   241.7   262.5   296.0   722.9  2673.3  7844.2  11805.0    11820
read      191.4    55.3    68.9   118.2   134.1   187.4   207.2   218.0   226.6   235.5   252.3   275.0   324.2   444.8  1421.4  12683.0    12639
read      417.6   442.1    68.9   126.9   144.7   250.9   324.9   421.0   532.2   705.4  1038.1  1406.6  1928.2  3461.2  7756.2 118288.0   118548
read      545.6   638.0    74.4   148.5   171.0   280.3   336.9   412.3   780.0  1339.6  1496.4  1702.7  3115.1  4436.8  8032.2 165918.7   165754
read      498.7   640.1    68.9   136.9   155.9   258.1   314.0   372.6   518.0  1071.1  1433.3  1693.2  3122.7  7083.0  8113.8  86937.6    86823
read      209.6   159.1    68.9   111.4   126.4   193.5   218.1   232.1   244.2   260.1   279.5   315.5   609.6  1952.7  7481.5  16882.1    16898
read      509.0   581.3    68.9   144.0   165.9   266.2   320.6   395.7   713.9  1267.9  1422.8  1605.8  2629.8  4036.5  8012.4 123090.7   123124
read      227.5   110.4    63.8    99.3   109.6   207.8   266.6   298.2   320.3   344.5   373.0   415.3   504.8   706.8  1857.9  72203.6    72278
read      224.6    99.2    63.8   101.6   112.6   213.4   263.9   288.8   305.5   323.9   346.2   382.4   463.7   631.9  2020.3  47874.1    47757
read      225.5   101.6    63.8    99.5   110.1   210.4   265.8   294.2   313.8   335.3   361.2   398.9   480.4   640.7  1508.8  60539.0    60510
read      209.4   158.4    63.8   107.5   120.6   203.8   232.6   250.8   263.3   276.1   292.8   318.3   378.2   530.1 10203.1  25197.1    25237
read      240.9   138.6    63.8   102.8   113.7   205.9   274.3   317.3   347.0   378.9   415.9   468.8   591.3   872.7  3036.2  97836.9    97783
read      357.8   328.2    63.8   120.1   136.2   235.5   317.6   410.3   489.9   594.0   745.2  1067.8  1566.1  2471.1  7123.4 118985.8   118966
read      194.3    93.8    63.8   112.1   127.9   190.2   212.2   224.3   232.9   245.6   262.1   285.3   336.6   464.3  3324.5  16643.0    16631
read      184.0    54.7    68.9   117.3   131.5   179.4   197.4   207.9   215.4   225.2   237.1   264.0   317.5   463.6  1981.9  11728.1    11743
read      278.9   180.3    63.8   110.2   122.9   217.6   296.8   361.8   405.2   453.1   515.0   620.3   882.4  1312.0  2389.9 114955.2   115026
read      452.9   498.5    68.9   133.8   153.0   251.3   313.4   404.6   596.5   899.7  1279.7  1493.2  2273.2  3621.7  7843.4 122229.0   122371
read      175.4    61.1    63.8   120.9   131.9   170.0   185.2   194.6   200.9   210.1   221.1   241.3   296.9   461.5  2654.8   7132.8     7198
read      204.5    76.3    63.8   106.5   119.3   200.8   229.1   246.2   258.9   271.8   288.4   313.3   371.3   526.3  1914.2  25063.5    25022
read      538.7   631.5    68.9   146.6   169.1   276.9   333.4   411.4   750.5  1317.5  1485.1  1696.1  3056.9  4448.2  8038.7 157485.4   157513
read      546.0   665.5    68.9   146.6   169.1   277.0   331.7   399.3   657.5  1326.5  1517.4  1757.3  3331.9  4728.9  8049.3 172171.1   171975
read      544.6   667.8    74.4   146.3   168.8   275.9   330.1   397.8   647.2  1320.9  1513.3  1747.5  3349.3  4826.6  8071.1 154973.3   154918
read      546.9   676.1    68.9   146.9   169.5   275.2   329.6   397.7   644.4  1323.5  1518.7  1766.4  3400.2  4995.8  8088.6 139287.9   139185
read      537.7   668.6    68.9   146.0   167.8   270.8   324.1   390.2   618.9  1309.0  1502.0  1744.2  3357.0  4821.0  8061.2 152733.9   152724
read      579.3   825.5    74.4   147.5   170.0   272.9   333.2   433.4   785.0  1335.0  1525.1  1779.0  3658.7  8002.1  9964.1  20889.1    20845
read      528.5   658.2    68.9   144.9   166.7   265.9   318.6   383.2   607.8  1294.5  1486.2  1728.3  3220.5  4900.9  8067.3 140255.6   140348
read      520.2   649.5    74.4   144.8   165.5   261.5   318.1   392.5   637.5  1215.4  1451.9  1708.1  3114.2  7024.2  8097.9  88639.3    88725
read      465.7   584.9    68.9   137.0   153.9   250.6   308.0   372.0   492.2   805.4  1342.5  1615.8  2873.7  4725.2  8071.6 133978.9   134088
read      351.5   394.5    68.9   120.0   134.1   220.8   296.7   383.3   455.8   549.4   707.7  1038.0  1773.6  3718.5  8008.9  66222.3    66126
read      243.6   125.1    63.8   105.0   116.7   209.7   276.5   321.3   351.8   383.5   419.3   469.9   585.4   774.2  1790.8  78130.5    78214
read      221.0   157.1    63.8    99.6   110.2   207.9   259.8   285.5   302.7   321.4   344.8   380.3   455.1   613.8  1716.3  55158.5    55191
read      219.1    93.5    63.8    99.8   110.3   207.5   257.5   283.4   300.6   319.8   342.8   374.8   444.4   576.0  1885.8  54018.9    54081
read      266.1   165.0    63.8   108.5   120.5   214.8   291.1   348.4   387.2   428.0   477.5   560.6   774.9  1172.7  1995.1 112640.1   112478
read      541.3   643.5    74.4   146.7   169.5   276.5   330.8   400.0   710.5  1328.5  1501.5  1713.9  3178.4  4492.0  8001.3 179576.0   179666
read      548.6   688.1    74.4   145.8   168.2   275.8   329.8   395.8   646.1  1333.6  1519.9  1749.3  3426.2  7050.2  8134.3 100617.3   100584
read      478.3   624.7    68.9   130.6   148.3   252.6   308.4   361.3   461.4   880.2  1406.5  1671.9  3119.8  5008.3  8091.7 127943.9   127920
read      256.6   467.2    74.4   114.6   127.0   181.0   205.7   222.3   236.2   262.4   316.7   551.2  1593.7  7749.6  8122.8   6602.8     6594
read      221.7   235.0    63.8   109.8   124.1   214.9   249.1   267.7   280.0   294.0   312.7   341.0   403.1   577.7 14919.8  25130.1    25020
read      552.5   666.4    74.4   146.0   167.3   285.7   352.4   434.6   711.1  1327.2  1521.7  1741.3  3245.5  5314.1  8130.9 129527.2   129587
read      222.8   325.3    63.8   120.0   135.1   189.1   210.9   224.0   233.7   250.3   272.1   316.4   992.5  7177.8 10692.7  10247.6    10277
read      580.8   681.3    68.9   154.0   177.1   296.1   366.7   467.5   917.4  1390.4  1558.4  1775.7  3332.9  4765.0  8103.7 148299.7   148458
read      405.0   526.3    63.8   119.6   138.2   243.0   305.9   357.7   411.0   523.6   903.4  1475.4  2581.3  6992.6  8115.9  66043.6    66114
read      234.3   101.8    63.8   103.7   115.0   222.2   275.6   302.6   321.0   342.1   367.8   404.3   482.4   606.3  1383.4  49331.6    49261
read      583.6   677.3    74.4   155.6   178.3   299.1   369.8   470.7   976.0  1395.7  1559.4  1769.1  3327.4  5081.4  8102.5 133160.1   133049
read      545.1   671.7    74.4   144.5   165.1   281.5   348.7   426.3   637.0  1296.1  1516.4  1769.5  3272.7  6878.7  8105.6 106614.8   106628
read      233.3   223.8    68.9   110.4   124.1   210.4   245.0   265.7   279.5   295.2   317.9   363.0   788.5  2647.6  8637.9  23468.0    23498
read      284.1   186.2    63.8   111.2   124.5   225.7   305.1   364.5   405.2   450.7   509.4   617.6   952.0  1540.5  2273.3 103602.0   103564
read      573.7   665.2    68.9   154.3   176.6   293.9   362.4   456.0   912.7  1384.3  1552.7  1763.8  3259.9  4537.9  8037.1 161862.4   161774
read      355.5   507.6    63.8   113.6   129.7   227.3   280.8   315.7   347.1   405.0   577.9  1325.4  2358.3  7553.4  8129.2  39050.9    39037
read      576.8   668.5    68.9   154.4   177.2   296.1   364.6   460.4   915.2  1388.1  1553.7  1767.0  3267.0  4740.9  8065.4 163656.7   163622
read      580.7   710.9    74.4   153.1   175.5   292.7   357.1   435.9   755.4  1386.5  1577.1  1839.0  3543.1  5695.4  8091.7 132380.1   132405
read      579.8   709.1    68.9   153.6   176.5   292.5   357.6   440.6   766.6  1378.0  1568.4  1830.3  3529.1  6614.7  8098.1 131573.5   131596
read      581.9   708.4    74.4   153.7   176.5   293.4   358.7   439.3   756.7  1390.9  1584.0  1842.0  3528.2  4869.7  8091.7 174375.3   174543
read      573.1   720.9    74.4   153.1   175.5   285.5   345.6   422.7   705.6  1368.7  1564.3  1824.8  3532.3  7427.6  8120.4  90657.5    90567
read      531.9   679.3    74.4   143.9   162.8   266.5   330.2   403.3   617.2  1235.5  1492.7  1760.1  3317.5  7111.9  8136.2 116521.2   116582
read      620.7   905.1    74.4   142.8   163.1   290.2   385.6   575.1   887.9  1330.9  1553.9  1861.5  4017.0  8051.0  9927.0  13868.5    13888
read      589.6   713.5    68.9   154.7   177.7   297.0   366.7   460.0   850.9  1399.5  1582.9  1837.2  3537.0  6683.0  8119.5 119125.8   119224
read      581.8   706.8    74.4   154.6   177.6   293.5   358.1   438.1   765.3  1388.8  1578.9  1836.5  3521.2  5193.2  8076.5 156507.0   156471
read      568.0   697.3    68.9   151.9   174.6   286.5   346.2   422.4   701.3  1359.9  1556.8  1818.5  3489.9  5132.4  8076.3 163959.6   164013
read      582.7   763.4    74.4   150.8   173.8   285.7   349.7   437.8   781.5  1358.8  1550.4  1825.0  3610.3  7817.3  8978.4  41847.5    41909
read      542.6   675.3    74.4   149.0   169.2   278.7   341.0   418.2   625.3  1267.7  1504.1  1760.7  3404.9  6525.2  8101.2 128244.0   128280
read      436.5   563.0    68.9   127.9   142.9   243.5   309.7   373.1   466.7   663.6  1159.1  1558.6  2773.2  6147.1  8103.4 106943.1   107066
read      290.0   271.3    68.9   110.1   121.7   212.8   287.0   343.0   386.7   442.0   525.9   686.1  1263.9  2808.4  7705.2  46031.4    46119
read      190.1   381.4    68.9   118.1   131.7   180.4   199.1   209.9   217.3   227.5   240.8   266.8   318.5   468.2 28917.9  10219.9    10227
read      193.8    73.4    68.9   122.7   138.3   188.1   207.8   218.7   227.7   237.2   254.1   277.9   336.0   466.7  3158.4  10849.7    10870
read      554.6   660.0    68.9   149.6   171.3   286.1   349.7   431.8   744.3  1336.8  1514.0  1730.9  3283.4  4905.1  8075.7 146490.5   146664
read      263.9   373.2    68.9   112.3   127.0   207.7   240.8   262.6   277.7   297.2   332.3   471.0  1576.6  7365.2  8112.1  19878.5    19865
read      477.4   541.2    63.8   134.1   154.4   272.3   351.9   443.7   578.6   865.8  1318.1  1579.3  2598.4  4038.9  7992.6 113396.5   113409
read      245.4   138.6    63.8   103.4   114.5   221.2   285.8   320.6   345.2   373.1   406.2   455.5   566.7  1027.8  3408.5  70725.6    70623
read      231.5   109.2    63.8   101.9   113.0   218.1   272.4   299.4   318.0   339.0   364.8   401.8   486.7   671.1  2138.8  52739.4    52633
read      269.2   158.9    63.8   108.8   121.3   220.1   297.1   351.9   389.7   429.8   479.8   562.7   776.1  1210.0  1892.3 104562.3   104630
read      228.7   107.4    63.8   103.9   115.5   218.4   267.1   290.7   307.0   325.5   348.1   383.8   465.9   665.5  2793.5  42595.3    42594
read      251.9   137.9    63.8   105.4   117.1   214.7   286.4   332.0   363.8   397.7   436.4   497.6   637.7   938.8  1756.0  95257.9    95196
read      230.6   100.1    63.8   102.2   113.2   217.8   271.4   298.5   316.8   337.6   363.2   400.4   480.2   617.9  1555.1  52219.5    52243
read      225.7    96.2    63.8   104.5   116.5   217.9   263.0   284.5   298.5   315.6   337.2   369.4   449.7   613.0  2465.6  37053.9    37031
read      224.6    89.0    63.8   103.7   115.3   216.7   263.2   285.6   300.3   317.5   339.5   371.6   446.3   585.2  1027.0  39901.4    39878
read      306.8   234.5    68.9   113.9   128.5   230.6   313.4   380.5   428.8   485.0   565.2   720.0  1243.1  1925.9  3245.6 110740.4   110750
read      185.0    61.5    68.9   124.2   137.2   179.6   196.8   206.8   214.5   223.9   235.4   260.4   311.1   465.3  2969.0   8321.8     8231
read      232.0   106.2    63.8   101.4   112.0   216.0   272.9   303.4   324.2   346.8   374.1   415.4   500.0   636.9  1629.8  63500.6    63638
read      242.9   125.1    63.8   103.2   114.4   211.9   280.7   321.2   349.5   380.1   415.4   465.8   581.4   785.9  1717.0  90264.0    90167
read      228.1   105.4    63.8   102.1   113.1   215.9   267.5   293.9   312.1   332.6   357.4   393.9   466.8   613.4  2461.4  50537.4    50555
read      201.4    67.0    63.8   115.0   132.5   197.1   219.6   232.2   242.9   256.5   272.9   296.7   352.5   497.7  1976.0  16013.8    15997
read      225.7    95.3    63.8   103.2   114.6   216.3   264.4   288.0   303.9   321.5   344.1   377.4   453.4   615.9  2126.9  43025.1    43089
read      195.0    61.3    68.9   120.1   137.2   190.3   210.7   222.0   230.6   241.6   257.6   282.1   334.6   465.0  1970.6  12193.4    12188
read      238.6   120.0    63.8   102.6   113.6   215.4   279.0   314.2   338.4   365.2   396.9   441.2   540.2   732.3  1972.5  76502.0    76615
read      571.2   676.5    74.4   153.7   176.3   291.3   357.1   446.6   848.0  1371.9  1544.0  1763.7  3346.4  5001.5  8072.1 143645.0   143480
read      363.7   465.3    68.9   111.7   128.0   235.8   295.1   336.8   372.9   432.3   636.8  1350.7  2285.2  4282.4  8066.4  63609.9    63793
read      236.0   113.9    63.8   101.9   112.5   215.5   276.9   310.5   333.6   359.2   389.5   431.6   527.1   684.4  2343.4  72021.6    71996
read      224.4    94.4    63.8   103.2   114.7   215.3   262.7   286.2   301.6   319.0   341.0   372.7   445.8   593.6  2352.4  41859.1    41778
read      208.2    77.7    63.8   109.7   124.2   203.8   231.1   248.6   261.4   274.5   291.1   316.0   381.2   536.8  2677.6  21911.0    21860
read      225.9    97.7    63.8   102.6   114.0   215.5   265.0   289.6   306.1   324.6   347.3   383.1   452.7   570.7  2118.7  45488.6    45582

Total QPS = 89040.4 (160272784 / 1800.0s)

Total connections = 64
Misses = 0 (0.0%)
Skipped TXs = 0 (0.0%)

RX 39587377154 bytes :   21.0 MB/s
TX          0 bytes :    0.0 MB/s
Warning! Detected max cpu usage > 95%
CPU Usage Stats (avg/min/max): 100.00%,50.00%,100.00%
