Random waveform, supplied seed
Total number of intervals = 100 (5010, 14153, 12847, 122113, 50875, 136546, 70864, 80412, 81017, 88572, 16903, 32183, 118354, 53402, 79848, 46581, 69610, 15777, 16782, 98581, 64481, 91484, 129570, 82613, 139637, 42701, 133754, 45487, 62400, 111669, 54450, 22077, 22434, 71452, 160518, 114530, 15694, 13974, 167456, 166478, 175859, 155574, 141728, 9698, 42127, 106763, 14288, 18590, 36794, 90978, 28093, 148828, 162888, 39870, 157975, 63111, 161128, 36719, 52892, 89792, 46515, 11332, 27809, 101648, 161303, 171571, 27602, 132029, 106872, 108251, 5989, 17799, 42915, 59345, 46647, 130227, 97374, 75119, 21120, 33287, 113947, 5511, 27215, 93839, 170550, 11360, 160718, 145580, 179245, 24001, 156476, 83852, 146425, 23583, 132562, 139377, 56914, 133118, 32044, 61554)
Average QPS expected = 79796
Timestamp start: 1745831161060
Timestamp end: 1745832161367

#type       avg     std     min      p5     p10     p50     p67     p75     p80     p85     p90     p95     p99    p999   p9999      QPS   target
read      210.9   169.3    80.4   139.5   152.0   199.7   218.3   228.3   234.6   243.7   253.7   272.8   375.4  1981.6  7792.9   5019.7     5010
read      228.1   155.4    80.4   123.7   142.8   217.4   243.6   257.1   267.4   278.9   294.6   320.1   497.7  2101.7  7097.5  14143.9    14153
read      265.4   462.5    74.4   124.8   142.7   210.4   235.1   249.3   259.6   272.1   290.5   326.8  2166.3  7100.2  8589.2  12852.6    12847
read      346.8   458.4    68.9   111.7   125.6   231.4   283.9   312.4   335.5   369.0   472.7  1389.9  2173.1  4791.3  8062.3 121901.0   122113
read      222.5   114.7    74.4   108.1   117.7   220.7   262.5   281.4   294.2   309.4   327.8   357.4   428.3   641.4  3837.1  50887.8    50875
read      220.5   168.9    68.9   107.4   117.8   189.7   235.2   263.0   282.5   305.0   333.1   375.7   629.0  2297.9  4439.2 136621.1   136546
read      219.4   101.6    68.9   105.4   114.7   203.3   259.8   284.7   301.2   319.0   341.3   373.5   459.4   734.2  2206.6  70797.6    70864
read      217.4   108.4    68.9   104.1   113.3   196.1   254.9   281.9   299.8   319.5   343.7   380.1   474.1   769.0  2892.4  80416.0    80412
read      219.6   106.7    74.4   104.9   114.1   198.2   257.2   284.6   302.9   322.6   347.1   385.9   484.5   826.4  2725.0  80814.5    81017
read      217.4   117.6    68.9   104.3   113.5   193.4   251.4   279.7   298.5   319.0   344.1   382.3   475.3  1091.4  3220.1  88625.2    88572
read      241.2   139.4    74.4   123.0   142.3   232.2   263.1   280.2   292.8   308.4   328.1   361.0   461.1  1989.9  5722.8  16861.6    16903
read      275.4   246.1    74.4   112.9   126.5   253.3   302.0   328.7   347.2   369.4   397.4   442.9   786.7  3929.2  7723.0  32158.2    32183
read      276.0   289.3    68.9   109.5   120.9   212.2   268.9   301.2   324.3   352.7   392.5   495.7  1612.4  3107.0  7206.3 118375.3   118354
read      229.8    93.6    74.4   110.3   120.2   227.5   273.5   294.6   309.0   324.4   344.3   374.1   447.1   616.2  1343.1  53390.2    53402
read      224.0   114.4    68.9   105.9   115.4   201.8   262.2   290.3   309.2   330.0   355.6   393.7   496.2   864.8  3371.0  79953.1    79848
read      230.5   107.4    74.4   110.7   120.8   231.5   271.8   290.9   304.0   318.3   337.6   366.5   433.1   772.2  3478.0  46640.3    46581
read      225.5   108.5    68.9   106.5   116.0   209.9   267.4   292.9   310.1   329.1   352.0   388.0   483.4   745.7  2763.7  69611.2    69610
read      228.8    91.8    80.4   122.6   141.3   226.3   253.5   268.2   278.5   291.3   307.8   333.1   395.1  1028.7  2347.6  15799.7    15777
read      235.1    99.6    74.4   121.8   140.5   232.8   261.9   276.7   288.3   301.0   317.6   343.8   412.7  1069.0  3065.9  16778.7    16782
read      232.6   155.4    68.9   105.8   115.7   198.0   255.0   286.2   307.8   332.4   364.2   419.8   801.5  1768.2  3157.0  98473.2    98581
read      225.9   140.4    68.9   105.6   115.3   211.9   265.2   287.8   302.7   319.0   340.6   373.3   486.9  1733.3  4988.5  64580.1    64481
read      217.6   128.1    68.9   102.9   111.9   188.7   248.5   277.9   297.3   318.5   344.6   387.3   566.2  1365.0  3500.5  91650.4    91484
read      279.6   433.7    68.9   109.7   121.3   208.6   260.6   287.3   306.1   328.4   358.8   416.7  3263.1  4258.5  8066.9 129523.7   129570
read      221.2   130.7    68.9   104.3   113.4   196.1   257.5   285.3   303.6   323.6   348.0   387.3   509.8  1447.6  3459.8  82592.6    82613
read      218.2   139.4    68.9   109.7   120.3   192.8   238.2   266.1   285.9   308.9   337.5   380.3   501.3  1697.0  4378.4 139756.3   139637
read      225.3   104.6    74.4   110.3   120.4   226.3   264.1   281.2   293.0   307.0   323.1   349.8   414.7   851.8  3289.9  42652.7    42701
read      211.8   140.6    68.9   105.8   115.8   185.3   230.9   258.9   278.6   301.3   328.8   369.3   474.5  1897.9  4484.4 133915.1   133754
read      224.5    95.8    68.9   110.2   120.3   225.3   265.2   283.1   294.9   309.1   325.7   351.6   411.4   652.2  2427.3  45559.4    45487
read      221.1   110.0    74.4   105.6   115.0   209.8   262.2   284.4   298.9   315.4   336.4   368.0   444.8  1052.5  3372.9  62312.0    62400
read      222.3   177.0    68.9   104.0   113.5   187.0   239.8   270.9   292.5   316.8   346.7   399.1   677.8  2302.1  6733.3 111943.2   111669
read      221.1    94.6    68.9   106.7   116.2   217.2   263.3   283.4   296.6   312.0   330.5   358.8   422.3   693.4  2445.2  54503.4    54450
read      233.2   120.9    74.4   115.5   130.8   227.9   259.8   275.6   288.2   302.3   320.3   350.7   440.9  1637.0  4249.8  21982.8    22077
read      250.3   222.4    74.4   114.3   129.3   234.2   269.4   288.2   301.6   317.2   338.6   373.4   687.9  3817.1  7649.9  22475.1    22434
read      227.3   151.9    68.9   103.7   112.8   204.9   264.1   290.0   307.6   327.3   353.0   397.8   535.3  2105.4  4585.9  71452.1    71452
read      248.9   254.7    68.9   119.5   133.8   216.2   262.0   288.8   308.4   331.9   363.0   413.2   605.3  4027.6  7811.8 160730.7   160518
read      211.2   121.9    68.9   103.8   113.2   184.5   235.3   266.0   286.7   309.4   336.5   374.5   473.5  1347.9  3711.1 114529.2   114530
read      231.3    85.9    74.4   124.4   143.6   229.2   255.3   268.9   278.3   290.6   306.4   332.6   418.9  1071.3  2322.3  15774.6    15694
read      220.9   102.1    80.4   123.8   143.1   218.0   243.3   256.1   265.8   275.6   290.7   313.6   380.1  1015.0  2781.7  13951.9    13974
read      265.0   212.7    68.9   123.1   138.4   225.8   273.0   300.7   320.9   346.4   382.1   443.6  1423.4  2429.5  4662.9 167391.5   167456
read      222.3   124.1    68.9   117.9   130.9   202.8   241.9   265.5   282.5   302.6   328.3   368.4   469.7  1478.6  4502.8 166619.0   166478
read      243.2   125.2    74.4   129.1   144.5   226.5   266.7   289.8   306.9   327.2   354.4   397.3   499.8  1463.4  4487.1 175681.7   175859
read      226.9   133.9    68.9   116.4   129.6   205.6   248.1   273.0   291.5   313.0   340.4   383.9   499.9  1557.9  4753.8 155359.8   155574
read      213.0   140.3    68.9   108.1   118.4   187.0   230.8   258.3   277.7   300.3   327.8   368.5   475.8  1887.1  4677.5 141831.7   141728
read      209.4    86.6    80.4   130.5   149.0   203.2   225.3   236.4   245.7   255.0   268.6   289.3   344.0  1082.9  3853.5   9723.2     9698
read      248.9   130.3    68.9   107.0   117.6   239.7   288.7   314.6   332.8   353.2   378.3   417.1   540.3  1301.5  3302.6  42099.4    42127
read      228.6   172.3    68.9   104.5   114.2   190.4   247.2   279.3   301.6   326.9   360.0   422.2   735.1  2133.2  4414.5 106658.2   106763
read      220.1    96.5    80.4   123.9   142.5   216.3   241.8   254.5   264.1   273.6   288.5   311.1   372.3  1094.7  4366.6  14282.6    14288
read      227.2    92.9    80.4   117.9   133.9   225.3   254.7   269.2   279.2   291.5   307.5   332.6   397.6   978.0  3431.9  18592.0    18590
read      248.5   146.3    74.4   109.1   120.4   241.2   286.6   310.3   326.4   344.1   367.2   400.9   511.4  1376.0  6277.6  36833.7    36794
read      216.9   125.0    68.9   102.4   111.4   188.4   249.8   279.8   299.4   320.4   346.0   388.3   531.7  1322.5  3635.7  90874.9    90978
read      221.3    89.6    74.4   114.9   127.3   223.5   252.8   266.4   274.9   286.5   299.0   320.1   373.0   851.8  2752.1  28109.9    28093
read      212.4   123.6    68.9   109.7   120.6   189.5   231.2   257.3   276.0   297.8   324.7   365.4   462.8  1579.9  3374.1 148770.7   148828
read      223.5   123.6    68.9   117.4   130.4   203.2   243.8   268.1   285.8   306.5   332.7   372.2   471.6  1570.3  3845.3 163014.1   162888
read      223.9    94.4    68.9   111.2   121.6   226.3   263.0   278.9   290.0   302.4   317.6   342.0   400.0   623.2  2980.6  39821.3    39870
read      222.7   137.6    68.9   115.7   128.6   200.5   241.5   266.6   284.7   306.0   332.9   373.0   477.8  1795.9  4411.9 158213.5   157975
read      222.9    97.1    68.9   106.5   116.0   213.3   267.1   289.7   304.6   320.2   340.8   371.0   447.1   660.1  2249.8  63045.8    63111
read      226.9   139.1    74.4   117.7   130.9   204.8   245.9   270.4   288.5   309.6   336.4   377.1   492.7  1787.8  4416.9 161219.4   161128
read      225.4    88.6    74.4   113.4   124.6   229.1   263.3   278.2   288.8   300.2   315.5   339.1   392.4   548.5  2671.9  36728.3    36719
read      227.5   103.3    74.4   109.7   119.3   225.3   271.2   291.0   304.4   318.7   337.7   365.9   431.1   671.3  3011.6  52818.5    52892
read      215.5   117.7    68.9   103.7   112.8   190.6   251.2   280.3   299.1   319.0   342.8   377.1   464.4   941.7  3441.9  89944.5    89792
read      228.8    99.6    74.4   110.9   121.0   230.3   271.3   289.2   301.1   314.7   332.2   359.0   422.8   716.8  2712.2  46447.9    46515
read      212.0    94.6    80.4   127.5   146.0   205.8   229.9   242.3   250.9   261.1   272.9   293.7   348.1  1093.5  3316.7  11366.4    11332
read      239.4   127.5    74.4   113.2   126.0   234.5   272.6   291.8   305.2   319.6   339.3   368.6   450.1  1662.8  3588.0  27866.9    27809
read      226.8   147.1    68.9   104.1   113.6   190.4   250.4   283.7   306.8   333.7   369.2   438.5   645.6  1486.1  3400.1 101692.1   101648
read      224.1   129.2    68.9   117.3   130.4   203.2   243.9   268.4   286.2   307.0   333.4   373.2   479.6  1686.1  3750.4 161171.0   161303
read      239.2   124.4    68.9   127.6   142.3   222.1   262.2   285.3   302.2   321.6   348.0   391.9   497.5  1362.4  3978.1 171614.1   171571
read      226.8    86.9    74.4   118.4   131.3   230.8   259.5   272.2   281.8   292.5   306.9   328.3   378.4   605.7  2654.4  27568.5    27602
read      211.7   123.8    68.9   106.9   117.0   186.3   231.5   260.8   281.0   304.1   331.6   370.7   468.0  1402.4  3618.9 131871.4   132029
read      216.0   130.3    68.9   104.7   114.3   187.6   242.4   274.1   294.8   317.5   344.0   383.8   501.7  1355.3  3538.0 106952.0   106872
read      216.0   130.7    68.9   104.4   113.8   187.0   240.6   272.6   293.5   316.4   343.6   384.8   525.3  1567.0  3650.4 108270.0   108251
read      196.0   104.6    80.4   133.4   147.8   188.8   203.3   213.8   221.1   230.3   242.1   261.6   315.8  1091.3  4394.8   6007.9     5989
read      227.6   112.6    80.4   119.5   136.3   222.8   252.7   267.4   277.0   289.5   305.0   329.6   401.0  1309.0  3912.3  17755.2    17799
read      253.7   155.0    68.9   108.7   119.2   242.0   292.3   319.0   337.4   358.1   383.1   422.2   543.5  1938.7  5287.6  42887.4    42915
read      259.0   183.1    68.9   104.2   113.9   238.6   297.1   330.8   354.7   381.4   413.0   461.3   625.5  2399.9  6052.9  59498.8    59345
read      238.5    98.7    68.9   108.7   119.6   238.5   284.8   306.8   321.1   338.4   359.2   389.0   444.9   549.5  1918.1  46656.6    46647
read      522.0   603.6    74.4   151.5   175.7   268.2   314.1   376.8   796.9  1311.2  1446.1  1613.0  2712.7  4655.2  8107.2 130393.3   130227
read      275.7   252.4    68.9   107.2   118.8   221.3   283.6   323.7   353.1   386.5   429.4   528.6  1413.3  2739.1  7275.4  97360.9    97374
read      236.0   115.2    68.9   103.0   113.1   222.7   281.5   310.5   330.5   352.6   379.4   418.0   497.4   636.0  3086.7  75152.1    75119
read      233.7    75.9    74.4   120.2   135.7   238.0   266.0   279.5   289.4   300.3   315.0   337.3   381.0   471.4  1459.3  21023.3    21120
read      241.6    91.6    68.9   114.0   126.5   246.9   283.0   300.7   313.2   327.4   344.6   371.1   426.2   533.7  2367.8  33361.5    33287
read      274.7   166.0    68.9   113.2   126.0   224.4   299.8   356.9   395.6   436.9   493.1   583.7   783.9  1166.9  2357.0 113776.2   113947
read      209.7    91.4    80.4   138.8   153.3   201.9   222.4   233.9   242.6   252.0   264.7   283.2   339.5  1099.6  3114.4   5492.0     5511
read      240.6    92.7    74.4   117.2   131.4   245.7   277.6   293.4   304.8   317.3   334.2   358.9   407.5   571.2  2230.1  27105.8    27215
read      239.9   120.6    68.9   104.2   114.5   216.7   282.8   318.0   341.9   368.1   398.8   442.8   540.6   686.4  2552.4  93635.8    93839
read      525.0   605.6    74.4   151.3   174.3   270.9   317.8   380.4   746.2  1312.1  1460.6  1646.5  2822.4  4075.4  8018.3 170409.5   170550
read      310.3   540.8    80.4   121.0   135.6   217.4   249.9   267.9   282.0   303.1   354.8   826.6  1842.6  7857.3  9077.0  11330.6    11360
read      529.9   610.4    74.4   152.4   176.0   273.7   321.8   392.7   778.7  1311.7  1459.6  1646.2  2867.5  4482.1  8041.6 160428.8   160718
read      534.1   642.9    74.4   152.0   175.6   271.9   318.9   381.6   680.5  1303.8  1480.2  1697.9  3202.2  4798.3  8060.4 145547.3   145580
read      532.9   654.5    74.4   152.0   175.7   269.2   315.3   371.2   609.0  1295.9  1489.7  1728.5  3287.5  4665.9  8053.8 179210.3   179245
read      571.2   819.7    74.4   153.0   176.4   268.9   320.0   403.9   765.1  1311.8  1492.3  1735.8  3663.3  8013.7 10050.6  23989.1    24001
read      535.8   663.0    74.4   151.5   174.9   270.3   317.2   374.9   624.2  1289.5  1490.1  1731.1  3361.7  5005.9  8081.8 156582.5   156476
read      519.9   666.1    74.4   151.3   171.7   258.3   307.6   368.2   602.4  1213.7  1455.3  1710.9  3185.4  7420.9  8136.6  83826.9    83852
read      501.8   628.6    80.4   142.4   162.6   263.3   309.9   360.0   496.0  1143.3  1445.6  1677.1  3129.8  4984.5  8076.2 146264.9   146425
read      276.2   345.2    74.4   114.4   127.7   231.8   273.1   294.7   312.0   333.7   367.3   470.3  1455.6  7118.7  8110.9  23554.7    23583
read      524.9   603.7    74.4   152.2   176.2   271.3   319.5   393.6   795.0  1299.6  1444.2  1621.2  2793.6  4387.0  8049.6 132559.8   132562
read      530.8   634.8    68.9   153.0   176.3   271.5   320.3   391.2   695.1  1287.7  1467.5  1685.9  3110.6  4828.1  8053.3 139481.7   139377
read      305.9   355.4    68.9   111.3   124.9   234.6   291.9   324.8   349.0   379.9   428.6   700.0  1684.1  3763.3  8014.3  57059.9    56914
read      523.6   616.4    74.4   150.9   173.8   270.4   318.3   385.7   696.0  1292.0  1452.6  1648.2  2909.1  4735.7  8047.5 133078.7   133118
read      256.7   191.0    68.9   114.6   127.9   247.5   286.7   306.1   319.4   336.4   358.2   395.2   712.2  2207.4  7655.1  32087.1    32044
read      243.6   106.4    68.9   106.0   116.8   236.6   292.0   318.7   337.2   358.0   383.1   419.6   494.3   615.1  1408.8  61556.5    61554

Total QPS = 79795.3 (79795352 / 1000.0s)

Total connections = 64
Misses = 0 (0.0%)
Skipped TXs = 0 (0.0%)

RX 19709452191 bytes :   18.8 MB/s
TX          0 bytes :    0.0 MB/s
Warning! Detected max cpu usage > 95%
CPU Usage Stats (avg/min/max): 99.83%,12.56%,100.00%
