Timestamp start: 1745953051438
Timestamp end: 1745954851753

#type       avg     std     min      p5     p10     p50     p67     p75     p80     p85     p90     p95     p99    p999   p9999      QPS   target
read      180.6   180.3    68.9   120.2   131.0   168.2   182.4   190.4   196.9   204.0   215.2   233.5   336.0  2767.0  7752.8   8126.0     8195
read      314.3   401.0    63.8   127.9   145.8   251.3   309.7   342.9   367.3   396.2   434.2   502.8  2889.1  5149.9  8077.6 158136.4   158594
read      236.4   208.7    63.8   111.9   124.6   201.9   246.7   274.4   295.9   320.9   355.1   409.4   685.5  3294.7  6321.8 149720.5   149766
read      184.6   142.1    74.4   113.7   127.4   172.6   190.9   201.0   209.5   218.5   232.4   255.9   388.6  1958.9  5837.9  10326.3    10382
read      323.8   269.3    68.9   144.1   165.1   278.8   336.5   370.3   395.7   426.7   467.9   544.8  1502.0  3688.2  7230.6 170325.5   170548
read      246.5   225.2    68.9   113.6   127.2   208.0   254.9   284.4   306.2   332.5   367.7   428.6  1102.2  3199.3  7178.7 150449.9   150565
read      212.7   128.0    68.9   106.0   116.8   186.8   229.3   256.3   277.0   302.5   334.0   381.5   505.9  1665.5  3540.2 137080.1   137144
read      216.6   159.0    63.8   107.7   118.8   189.7   231.6   258.7   279.5   304.6   335.7   383.4   506.9  2201.8  5327.7 143536.1   143496
read      214.6   128.8    63.8   108.1   119.2   189.7   231.1   257.9   278.3   303.4   334.6   381.3   500.3  1707.7  3462.1 144736.5   144743
read      210.4   132.6    63.8   102.3   112.2   182.5   228.1   257.4   280.2   306.6   338.3   384.7   506.8  1574.7  3558.9 116676.3   116745
read      210.4   125.4    63.8   104.1   114.5   184.5   227.9   255.1   276.3   302.6   334.8   381.3   498.6  1390.9  3830.9 129347.2   129314
read      222.8   156.8    63.8   109.5   121.1   195.5   238.0   265.9   287.0   312.2   344.0   394.8   537.1  2262.5  5163.0 144852.4   144723
read      214.4   134.2    68.9   103.9   114.1   187.0   232.4   261.8   284.3   310.7   342.8   391.9   528.0  1483.6  3468.3 117301.1   117379
read      213.4   133.5    68.9   103.9   114.1   186.1   231.2   260.4   282.9   309.4   341.3   389.4   514.6  1509.3  3706.2 119851.3   119931
read      214.2   132.6    68.9   105.5   116.3   187.4   230.5   258.4   280.3   306.5   338.5   387.3   509.7  1603.1  3982.1 131798.3   132052
read      231.0   147.1    68.9   112.7   125.8   204.2   248.6   276.7   298.4   323.7   358.1   411.2   563.2  1966.5  4435.3 143192.7   143350
read      256.2   211.5    68.9   117.4   132.1   220.6   269.9   300.7   323.7   352.7   391.9   458.2   745.9  2850.4  7045.8 143418.3   143518
read      386.5   167.4    68.9   189.5   217.9   354.5   434.5   480.5   512.8   549.3   595.2   665.0   804.5  1333.0  3944.4 173055.9   172981
read      237.3   143.2    63.8   109.3   120.9   208.0   260.2   292.8   316.0   343.2   378.4   436.0   636.4  1675.0  3440.2  93969.0    94027
read      429.7   179.9    86.8   221.3   247.8   392.8   487.9   536.9   570.6   608.8   656.6   730.3   884.4  1378.8  4266.3 170093.9   170019
read      386.9   180.6    74.4   177.4   207.2   345.0   436.9   487.2   521.4   560.9   613.9   700.2   889.4  1227.9  4162.0 179180.4   179090
read      232.8   116.6    68.9   111.3   123.2   215.8   260.8   286.6   304.9   325.9   355.0   404.4   563.3  1073.6  3050.6  47131.4    47130
read      217.3    99.6    68.9   109.5   126.5   206.2   239.3   258.5   273.0   291.0   312.9   345.5   435.3  1038.2  2532.6  19395.7    19439
read      304.9   288.7    68.9   119.8   136.4   241.8   300.7   337.5   366.8   403.8   460.3   582.7  1632.5  3220.3  7004.6 128947.9   128963
read      227.8   110.4    68.9   109.4   124.8   215.0   251.2   273.2   290.5   309.9   334.3   372.3   482.8  1211.5  3046.2  23766.3    23787
read      233.9   129.1    68.9   105.0   115.1   213.0   268.2   297.4   317.3   341.2   372.7   427.2   573.2  1309.4  3294.3  62035.6    61848
read      231.1   133.4    63.8   109.0   120.1   202.9   253.8   285.9   309.6   337.0   371.8   425.7   576.0  1445.8  3424.3 102157.0   101968
read      231.8   129.9    68.9   110.2   121.8   204.9   254.5   285.9   309.1   336.5   371.3   424.6   558.4  1421.5  3363.9 108869.9   108767
read      216.9   105.1    63.8   104.6   114.7   191.7   244.0   274.7   296.9   320.8   350.3   395.9   510.7   803.7  2359.9  97270.8    97139
read      352.3   236.5    68.9   147.8   171.7   308.9   378.6   424.8   461.5   507.8   571.4   668.5   929.7  3036.9  7357.9 158485.9   158594
read      260.3   218.9    68.9   119.0   134.3   225.4   274.9   305.4   327.9   356.2   394.4   460.7   713.7  3378.9  6373.0 141288.9   141240
read      275.3   345.0    68.9   102.8   114.2   227.5   281.4   313.7   337.0   365.1   401.0   465.3  1408.3  5025.4  8044.0  41354.1    41405
read      239.7   190.9    63.8   102.2   112.2   214.3   266.5   295.4   316.3   341.8   377.8   439.0   622.2  2597.7  6310.6  58006.2    57997
read      227.6   159.5    68.9   110.2   122.0   199.4   244.9   273.5   295.4   320.8   354.5   405.8   566.3  2068.2  4715.4 133713.5   133577
read      208.8    93.8    63.8   101.2   110.6   201.4   243.0   263.1   277.0   294.2   315.4   346.4   428.8   736.1  2418.0  53890.2    53832
read      244.9   167.4    68.9   116.0   130.1   216.0   264.6   295.0   317.5   344.8   381.8   441.6   618.4  1993.0  5955.0 139737.7   139832
read      373.0   207.1    74.4   172.5   199.7   339.0   412.7   456.5   488.7   527.5   577.5   653.9   833.2  2554.5  6645.3 170528.6   170515
read      255.4   213.1    68.9   116.8   131.7   225.2   276.7   308.5   331.5   359.9   397.2   459.7   633.7  2617.7  6450.8 128409.9   128494
read      230.6   258.1    68.9   108.5   125.0   206.8   239.4   258.6   273.3   292.1   316.3   358.9   695.3  2836.5 12341.6  20800.6    20789
read      236.4   181.6    68.9   104.4   114.4   211.0   265.8   294.8   315.1   338.4   370.0   427.4   598.7  2545.1  5796.9  63675.1    63647
read      225.5   127.7    68.9   104.3   114.1   206.8   260.8   288.2   307.2   328.3   355.2   397.2   516.6  1072.2  4288.4  64710.8    64802
read      223.0   108.6    68.9   104.7   114.5   211.6   259.1   283.3   300.0   318.4   342.2   381.5   489.9   947.0  3119.8  55677.8    55719
read      373.7   178.9    74.4   184.4   210.5   351.3   418.3   455.0   481.3   512.2   553.0   621.2   779.8  1981.4  5995.3 173991.2   174179
read      225.1   140.5    63.8   108.3   119.5   198.4   245.9   275.1   297.8   323.1   355.9   404.1   550.1  1484.1  5067.4 106432.6   106356
read      376.7   190.3    74.4   184.6   210.6   351.0   419.6   458.0   486.3   520.2   564.9   634.5   799.2  2068.2  6151.4 178652.2   178750
read      239.4   158.1    68.9   111.3   123.8   209.7   260.0   291.5   314.9   341.9   377.7   436.0   635.1  1868.3  4829.7 105817.5   105831
read      222.0   141.9    68.9   106.8   117.5   193.9   241.3   271.0   294.0   320.2   353.1   401.6   546.7  1730.5  4461.5 110702.2   110667
read      190.5   166.2    68.9   119.5   132.7   176.9   194.7   204.9   213.1   222.6   235.0   260.9   411.5  2219.2  7667.5   8822.5     8803
read      252.9   172.6    68.9   100.7   111.7   226.3   286.2   321.8   346.0   373.9   406.5   458.5   646.6  2280.5  4679.8  45577.4    45662
read      232.3   109.7    68.9   103.7   117.1   218.5   263.2   289.3   307.3   326.9   350.9   390.8   502.5  1173.7  2666.6  30737.5    30867
read      249.0   162.4    63.8   100.2   111.0   224.1   283.5   319.3   342.5   369.3   400.7   449.3   606.5  2251.8  4024.2  45706.6    45656
read      228.8   166.5    68.9   105.4   116.0   195.1   246.0   276.7   300.4   327.9   363.0   419.9   714.5  1990.3  5661.4 100841.6   100938
read      227.5   144.6    68.9   110.7   122.7   200.7   245.8   273.4   295.1   321.0   354.8   405.9   559.2  1745.6  4787.0 132306.0   132360
read      220.2   113.5    63.8   103.7   113.3   202.9   255.4   282.1   300.6   320.8   345.5   387.0   491.4   802.1  3291.3  67596.3    67591
read      230.0   111.0    68.9   103.3   115.7   217.0   259.6   285.1   303.9   324.5   349.3   391.1   504.3  1028.2  2771.7  33962.6    33910
read      225.7   143.6    68.9   103.8   113.8   195.5   250.5   281.9   304.6   330.1   363.0   416.0   595.8  1814.7  3579.7  85808.0    85729
read      192.7   139.3    68.9   113.0   129.7   184.2   205.7   217.9   227.4   237.6   252.8   278.0   368.7   934.3  8803.1  12908.9    12884
read      251.0   165.2    68.9   100.9   111.7   226.5   286.0   322.0   346.2   373.8   404.7   454.7   609.5  1852.3  6036.1  45440.2    45621
read      240.0   127.7    68.9   102.0   114.2   222.4   272.4   303.0   323.2   345.0   373.6   417.5   545.1  1348.3  2743.5  36971.3    36938
read      239.1   147.8    63.8   102.3   112.4   216.4   269.4   299.6   321.9   349.3   389.6   450.2   591.6  1761.0  3716.6  56870.1    56902
read      219.0   127.4    63.8   105.1   115.4   191.2   240.5   271.1   293.8   319.6   351.4   399.7   540.6  1312.4  3501.6 102289.0   102243
read      197.4   152.6    68.9   112.8   129.5   187.9   210.9   223.6   232.6   244.3   259.7   287.3   372.0  1302.3  7914.6  14117.6    14085
read      232.3   166.6    68.9   103.7   113.9   193.9   248.6   281.7   307.1   337.1   377.1   454.7   743.7  1882.7  4290.5  94076.4    94103
read      220.2   107.2    68.9   104.0   113.7   208.7   256.7   280.7   297.5   316.5   339.5   374.1   469.0   811.0  3060.8  58068.0    58175
read      266.8   171.7    68.9   125.8   142.6   239.3   290.9   321.2   344.8   373.8   412.8   474.4   632.0  2086.8  6640.5 151018.2   151312
read      223.0   115.8    68.9   104.5   114.6   197.1   251.6   282.6   304.8   329.9   361.2   408.1   548.2  1025.4  2725.6  83323.0    83333
read      356.4   179.1    74.4   173.9   199.8   330.6   395.3   433.1   461.3   495.0   538.6   605.3   748.0  1723.0  6997.6 165226.7   165153
read      230.7   145.3    68.9   110.7   122.8   202.9   249.3   278.2   300.6   327.1   361.8   415.1   584.2  1696.7  4426.9 123883.5   123975
read      227.3   128.6    68.9   106.1   120.0   213.3   251.1   273.2   290.6   310.9   335.6   374.2   494.9  1697.7  3602.9  28378.1    28449
read      199.2    89.8    68.9   111.0   128.2   190.5   216.1   230.0   239.9   252.0   269.4   297.6   394.8  1158.5  2801.8  14892.0    14903
read      231.7   131.5    68.9   104.0   117.3   215.7   260.2   286.4   305.2   325.5   349.0   388.6   499.5  1651.2  3656.3  31145.1    31189
read      243.9   165.2    68.9   101.5   113.0   221.1   274.2   308.1   330.0   353.6   383.6   428.4   589.8  2015.8  5512.5  40655.6    40636
read      224.0   170.3    68.9   103.6   113.5   196.6   250.9   280.8   302.5   327.8   359.8   410.3   556.9  1430.7  4587.6  80510.2    80574
read      279.2   150.9    68.9   137.2   155.7   257.0   307.0   336.3   358.5   385.6   421.5   477.9   614.0  1705.3  4124.8 168816.0   168820
read      258.2   136.3    68.9   127.4   144.0   235.7   282.7   310.9   332.2   358.1   392.3   448.0   591.2  1499.6  3656.5 162481.5   162621
read      220.5   120.5    63.8   104.9   115.3   193.4   242.7   272.3   294.7   321.6   355.4   408.2   568.1  1145.9  2970.4 101610.8   101621
read      216.7   103.2    68.9   104.5   114.5   206.1   252.0   274.1   290.2   308.6   331.1   366.0   460.6   759.3  2598.9  58613.8    58592
read      240.5   146.5    68.9   118.3   132.8   216.0   261.1   289.2   310.4   335.9   369.2   422.6   560.6  1673.7  4714.9 153248.0   153042
read      217.0   137.2    68.9   104.6   114.9   188.5   235.0   264.5   286.6   312.7   344.4   394.5   550.2  1704.8  3754.0 112356.5   112238
read      250.7   137.4    68.9   122.9   138.8   226.9   273.4   302.1   323.1   349.4   385.4   442.5   585.7  1453.9  3743.8 160415.5   160265
read      216.2   101.0    68.9   103.9   113.6   206.7   251.8   273.5   289.3   307.5   329.9   364.9   457.5   699.3  2844.7  57018.1    57109
read      215.7   129.7    68.9   103.4   113.1   190.7   242.3   271.7   292.8   316.9   345.1   388.6   489.3  1332.6  3500.9  88582.5    88551
read      181.2    94.9    74.4   120.3   132.1   173.6   190.2   199.8   207.3   216.0   228.5   249.4   330.3  1118.8  3959.9   8370.4     8385
read      240.3   158.1    68.9   103.9   116.7   220.7   269.0   297.6   317.0   338.3   365.4   406.2   547.3  2155.1  5457.3  33999.4    34088
read      242.0   211.0    68.9   108.3   119.6   200.0   249.2   279.6   302.9   330.8   367.2   428.7  1325.8  2700.1  4047.0 113449.8   113600
read      224.3   144.2    63.8   109.9   121.5   197.6   241.6   269.6   291.1   316.6   349.0   399.8   547.3  1797.9  3701.0 131886.0   131842
read      214.6   124.4    68.9   104.5   114.9   187.8   233.5   262.3   284.1   310.2   341.8   390.3   535.3  1335.2  3212.2 112084.2   112066
read      215.9   130.6    63.8   103.1   112.5   196.4   248.7   275.0   294.0   315.4   340.6   378.7   479.7   803.3  3580.0  72564.0    72585
read      221.2   136.6    63.8   109.7   121.0   195.5   238.4   266.2   287.3   312.7   344.2   393.9   527.5  1649.9  4623.1 133747.8   133669
read      184.3    99.6    68.9   113.5   128.2   177.1   196.6   207.9   216.0   226.2   238.4   261.5   339.8   935.7  5291.8  11810.4    11820
read      182.2    73.3    68.9   114.0   128.4   177.1   195.8   206.4   214.4   224.1   235.6   258.1   319.1   599.5  2878.4  12610.6    12639
read      367.1   348.0    68.9   120.5   136.8   236.2   316.2   414.4   502.6   619.1   786.6  1125.7  1606.1  2775.5  7234.6 118334.3   118548
read      541.1   627.7    68.9   148.3   170.0   280.4   336.6   409.4   795.0  1331.4  1485.7  1681.2  3012.5  4426.2  8020.3 165620.1   165754
read      493.4   633.5    68.9   135.8   155.2   255.9   311.0   369.8   512.2  1070.2  1415.1  1659.4  3044.2  7231.3  8116.5  87013.3    86823
read      197.6   136.5    68.9   109.8   124.2   185.4   207.8   220.1   229.5   240.5   256.3   291.0   500.4  1725.1  7216.4  16876.7    16898
read      502.2   575.2    63.8   142.5   164.1   264.3   319.5   397.2   681.4  1224.3  1407.7  1600.5  2654.3  3970.8  7999.8 123040.8   123124
read      224.8   106.6    63.8    98.6   109.2   207.6   260.0   290.7   313.0   337.5   367.3   408.6   502.8   716.0  1640.8  72301.0    72278
read      216.0    86.9    63.8   100.7   111.7   208.2   249.7   272.1   288.7   307.9   331.1   365.4   435.6   579.6  1071.0  47692.1    47757
read      220.2   138.8    63.8    98.7   109.3   207.9   254.6   281.7   300.9   322.0   347.2   385.9   459.9   604.1  3064.3  60439.8    60510
read      203.7    70.8    63.8   107.2   120.7   201.3   228.9   243.3   253.4   266.5   283.3   311.8   370.8   489.3  2032.0  25128.8    25237
read      250.0   138.1    63.8   105.0   116.5   212.5   280.0   327.9   361.6   396.7   437.0   499.4   639.0   918.8  1762.4  97730.6    97783
read      362.6   359.4    68.9   119.0   134.9   235.2   316.0   407.0   484.9   588.0   747.4  1103.5  1654.0  3143.6  7513.7 119000.7   118966
read      187.7    56.5    68.9   111.2   126.6   184.7   205.2   216.2   224.5   233.6   247.5   270.2   330.4   507.3  1568.9  16603.5    16631
read      178.3    58.2    68.9   115.3   129.1   173.8   191.0   200.5   208.2   216.7   229.3   249.7   311.1   465.2  2720.5  11738.5    11743
read      284.9   192.8    63.8   110.4   123.6   219.8   300.7   369.2   415.2   465.0   530.3   638.5   932.3  1457.4  3400.1 114905.4   115026
read      494.1   554.4    68.9   140.2   161.5   264.2   330.9   442.1   689.3  1099.2  1365.9  1586.0  2550.7  3969.7  7965.8 122397.6   122371
read      174.5    57.8    68.9   119.8   130.4   167.5   182.9   192.2   199.3   208.6   220.6   245.2   338.2   592.9  2097.6   7254.4     7198
read      203.2   133.5    63.8   107.2   120.8   199.3   226.1   239.9   250.2   262.7   278.5   307.8   374.1   590.8  4396.9  25008.2    25022
read      537.9   620.8    68.9   147.2   169.4   280.7   340.6   434.1   772.9  1298.6  1469.5  1677.8  2966.5  4413.3  8030.2 157504.9   157513
read      546.5   653.0    68.9   147.4   169.1   280.9   339.2   417.4   711.3  1318.3  1506.2  1742.8  3194.9  4686.2  8074.3 171961.7   171975
read      550.4   659.3    68.9   148.2   170.2   282.5   341.7   425.4   725.5  1314.5  1509.6  1747.9  3284.4  4723.0  8033.3 154820.9   154918
read      546.6   671.0    68.9   147.1   168.9   278.3   334.4   404.9   665.9  1312.2  1507.3  1754.0  3328.1  5034.3  8082.0 139133.1   139185
read      533.1   657.7    68.9   145.0   166.4   270.8   325.7   394.0   627.3  1287.5  1488.2  1732.7  3272.2  4815.6  8077.6 152735.4   152724
read      582.6   815.3    74.4   147.0   169.6   278.8   342.2   456.9   813.1  1324.4  1514.5  1778.0  3641.9  7994.8 10126.1  20844.0    20845
read      520.4   649.6    68.9   144.1   165.0   263.0   316.8   379.3   585.9  1251.3  1465.7  1715.5  3192.0  4942.1  8057.6 140242.7   140348
read      543.0   674.4    68.9   146.8   168.5   273.1   335.0   417.1   694.9  1283.6  1489.0  1749.3  3293.7  7114.4  8116.8  88690.9    88725
read      496.6   620.4    68.9   141.1   158.9   253.8   315.7   392.6   596.0  1044.4  1402.7  1669.4  2970.5  5976.1  8101.3 134050.4   134088
read      427.7   506.1    68.9   129.4   144.6   234.7   321.5   460.7   602.8   777.1  1018.3  1365.8  2290.2  7067.6  8102.2  65862.5    66126
read      287.6   210.4    63.8   109.1   122.0   219.1   294.2   354.3   398.5   453.2   534.0   690.3  1077.3  1642.6  3216.2  78131.0    78214
read      226.2    99.8    63.8   100.6   111.7   214.8   262.2   290.1   310.1   332.0   357.9   395.4   470.7   626.1  1552.4  55233.0    55191
read      227.7   104.3    63.8   101.3   112.3   216.2   263.5   290.9   310.6   332.4   359.1   397.4   475.3   652.2  2308.0  54159.9    54081
read      312.7   239.3    63.8   114.0   128.7   229.3   314.4   391.9   446.4   508.9   597.9   760.4  1222.1  1877.8  3407.5 112574.6   112478
read      559.1   655.4    68.9   150.1   172.0   289.1   350.6   434.2   807.8  1351.4  1521.2  1730.8  3244.3  4554.6  8048.5 179697.3   179666
read      570.0   707.2    74.4   150.4   172.1   288.4   348.7   427.1   726.6  1362.0  1548.4  1802.9  3458.8  7239.2  8113.9 100530.7   100584
read      486.3   630.5    68.9   133.6   151.9   253.5   314.2   371.0   486.7   938.2  1411.3  1681.3  3138.3  5886.3  8084.0 128081.7   127920
read      297.4   620.6    74.4   109.6   121.9   176.8   203.9   225.9   248.3   294.2   414.5   840.6  2244.9  7970.0  9843.8   6616.4     6594
read      211.8   134.4    68.9   108.4   122.2   207.5   236.3   252.1   264.0   277.4   296.7   327.9   397.1   551.3  3296.5  25005.5    25020
read      547.6   648.4    68.9   146.3   167.1   286.2   353.5   436.5   730.9  1323.9  1500.5  1713.1  3184.6  5088.6  8085.3 129770.8   129587
read      214.7   275.2    68.9   117.9   133.8   186.8   207.7   219.7   229.5   241.7   260.8   306.5   855.8  4887.4  8058.5  10290.8    10277
read      579.1   681.8    74.4   153.8   175.7   297.1   368.1   462.7   895.4  1382.9  1552.0  1770.0  3435.1  5008.1  8077.1 148302.4   148458
read      403.2   525.0    63.8   116.4   135.4   239.0   300.3   351.1   406.6   539.8   966.7  1459.6  2475.2  6979.0  8784.0  66057.8    66114
read      228.3   104.2    63.8   102.1   113.4   217.5   263.8   290.6   310.1   331.3   356.4   394.1   471.8   663.7  2587.1  49338.9    49261
read      575.2   674.6    74.4   153.0   175.6   295.5   365.7   466.0   903.4  1378.4  1542.2  1753.1  3288.3  5504.2  8109.0 133119.1   133049
read      529.2   658.2    68.9   140.7   161.1   273.0   338.1   410.8   602.7  1244.8  1484.7  1739.6  3196.0  6877.0  8097.6 106722.9   106628
read      219.5   145.0    68.9   107.3   120.8   205.9   235.9   253.1   266.4   282.5   305.6   345.4   598.8  1734.9  7204.3  23541.6    23498
read      282.8   207.4    63.8   108.2   121.1   222.9   298.7   353.9   392.7   435.3   494.6   612.3  1116.3  1921.8  3530.0 103505.3   103564
read      573.0   663.4    68.9   153.4   176.0   295.8   369.9   485.1   860.2  1355.4  1538.0  1772.6  3223.0  4694.6  8052.8 161612.0   161774
read      355.1   495.8    63.8   114.3   130.9   226.9   281.9   322.7   362.0   436.0   636.4  1214.2  2228.1  7543.3  9093.4  39103.7    39037
read      595.9   697.0    68.9   156.6   179.9   305.9   387.4   515.1   994.3  1402.6  1574.7  1812.1  3300.6  4723.9  8103.6 163634.8   163622
read      599.3   716.0    68.9   155.9   178.8   303.8   379.6   487.8   896.5  1409.3  1596.4  1858.7  3475.0  6811.0  8098.5 132283.1   132405
read      602.3   715.6    74.4   156.1   179.4   306.0   387.5   510.3   916.6  1405.3  1593.4  1859.8  3464.1  7001.6  8121.4 131714.5   131596
read      591.4   707.0    68.9   154.5   177.3   301.3   372.6   470.0   842.4  1397.6  1585.1  1844.3  3535.9  5046.9  8070.5 174376.2   174543
read      572.7   717.9    74.4   152.9   174.6   285.8   354.6   445.3   737.9  1342.6  1551.3  1827.8  3517.5  7456.6  8130.1  90492.1    90567
read      532.9   672.5    68.9   145.2   164.0   267.4   338.3   423.5   648.3  1209.3  1477.8  1751.0  3234.2  7258.5  8098.3 116678.2   116582
read      647.7   919.3    74.4   151.9   174.7   300.2   399.1   628.9  1019.0  1388.5  1587.2  1894.5  4014.9  8062.9 10050.0  13879.7    13888
read      586.8   697.0    68.9   154.2   177.3   297.8   370.3   470.9   876.1  1392.6  1575.5  1830.9  3406.0  6017.4  8094.6 119224.9   119224
read      589.0   703.2    68.9   154.6   177.3   298.9   370.0   465.7   842.8  1400.0  1585.8  1843.6  3486.4  5039.4  8080.7 156498.9   156471
read      571.6   693.0    68.9   152.8   174.6   288.8   357.2   441.4   746.2  1367.7  1560.8  1816.3  3447.3  4997.4  8092.2 164137.4   164013
read      593.5   769.7    74.4   151.7   174.1   291.2   366.1   477.7   860.4  1368.9  1562.7  1832.7  3601.7  7838.6  8907.3  41840.4    41909
read      543.6   673.5    68.9   149.2   168.2   275.0   345.1   434.4   667.9  1262.6  1500.4  1765.4  3351.5  6631.7  8100.7 128206.8   128280
read      441.1   577.2    68.9   128.4   143.7   234.8   304.7   378.0   497.2   727.2  1165.4  1561.9  2815.3  7189.3  8096.2 107155.5   107066
read      344.5   424.3    63.8   109.6   121.3   206.4   278.0   360.1   456.9   568.3   722.2  1038.2  1852.4  5510.0  8063.3  46171.7    46119
read      189.2    69.0    68.9   113.1   126.7   182.1   203.8   216.4   226.1   236.8   253.4   284.5   369.9   544.6  2654.1  10278.9    10227
read      195.6    55.3    68.9   123.0   139.2   191.3   211.4   222.7   231.1   241.5   254.8   278.0   335.5   454.7  1889.3  10865.0    10870
read      562.4   673.1    74.4   150.5   171.5   289.4   359.8   447.3   754.7  1346.7  1534.8  1768.1  3342.0  5120.9  8103.0 146528.8   146664
read      265.6   395.4    68.9   110.9   124.8   204.5   236.4   257.0   273.6   297.8   341.0   524.0  1572.8  7477.3  9503.0  19850.8    19865
read      530.3   612.0    68.9   144.7   166.4   279.7   354.9   460.1   734.9  1248.5  1455.8  1684.4  2763.7  4376.4  8082.1 113368.4   113409
read      240.5   133.2    63.8   102.0   113.0   219.1   277.4   313.7   338.3   366.1   398.5   446.1   551.5   805.0  3324.0  70790.0    70623
read      235.0   105.3    63.8   102.6   114.1   221.7   272.0   302.4   323.4   345.1   373.3   414.6   502.4   675.2  2216.4  52581.2    52633
read      313.7   243.6    63.8   113.8   128.6   234.0   319.2   387.7   436.8   495.4   582.1   752.1  1282.0  2002.3  3688.9 104582.7   104630
read      226.8    93.3    63.8   103.6   115.4   218.6   261.9   286.4   304.2   324.0   346.5   383.9   459.0   627.8  1371.0  42485.3    42594
read      257.0   147.6    63.8   105.4   117.4   216.6   287.7   337.0   371.2   406.5   449.9   515.6   690.8  1137.6  2169.9  95200.5    95196
read      231.4   103.6    63.8   102.6   113.9   219.4   267.5   295.7   316.2   338.1   365.1   402.7   490.6   683.0  2061.4  52190.6    52243
read      223.4    98.9    63.8   104.9   117.0   216.7   255.6   277.4   293.5   312.2   334.6   367.6   438.3   588.1  3270.4  36964.9    37031
read      224.0   120.1    63.8   103.9   115.9   216.5   256.8   279.3   295.9   315.4   338.1   371.8   445.5   600.0  2627.3  39801.1    39878
read      446.6   483.2    63.8   129.9   149.1   264.7   352.0   456.8   579.8   777.3  1101.0  1469.1  2273.2  3731.6  7917.4 110852.9   110750
read      187.0   110.6    63.8   124.2   137.6   181.0   198.5   208.8   216.2   225.9   237.3   259.8   321.5   495.8  4321.8   8232.0     8231
read      227.9   103.6    63.8   100.1   110.9   213.1   264.2   294.5   316.6   339.9   368.1   406.3   494.1   679.9  1352.0  63672.0    63638
read      238.6   151.7    63.8   101.9   112.9   209.5   272.6   313.8   341.6   372.0   405.7   457.0   569.8   771.3  1903.8  90104.7    90167
read      225.9   157.6    63.8   101.7   112.9   214.5   260.0   286.1   305.3   326.3   349.4   386.5   465.8   675.0  4755.7  50497.3    50555
read      197.1    63.8    68.9   112.8   129.8   193.9   216.2   228.6   236.7   248.4   263.1   287.5   343.1   514.8  1386.1  16013.5    15997
read      224.1    95.6    63.8   102.6   114.1   216.3   258.9   282.8   299.7   319.1   341.8   376.1   452.5   624.3  2562.2  43170.3    43089
read      196.4   149.9    68.9   119.7   136.6   190.4   210.2   221.0   229.5   239.1   252.7   274.8   336.1   558.6  9457.7  12152.9    12188
read      231.9   113.1    63.8    99.9   110.6   211.5   268.1   303.1   327.6   354.0   385.8   430.0   525.9   707.1  1804.5  76661.0    76615
read      545.4   652.1    74.4   149.2   171.5   279.4   337.6   415.3   718.6  1319.5  1499.7  1724.2  3217.1  4750.4  8079.3 143537.5   143480
read      302.8   351.2    63.8   106.0   120.0   222.3   277.6   316.8   346.5   387.3   457.8   766.5  1698.6  3665.9  7984.4  63716.3    63793
read      230.8   113.4    63.8    99.5   110.3   212.0   267.1   300.4   324.1   348.8   379.6   423.2   518.3   736.8  2235.8  71953.2    71996
read      223.9    99.2    63.8   102.9   114.8   216.6   258.8   282.1   298.6   317.9   340.4   373.2   444.1   580.2  2462.1  41729.2    41778
read      207.4    70.0    68.9   108.2   123.3   204.9   231.5   246.4   256.9   270.3   288.3   315.8   372.9   553.4  1426.4  21912.6    21860
read      223.7   112.8    63.8   101.7   112.9   214.2   258.7   283.6   301.5   321.2   344.0   380.0   458.7   625.0  2026.3  45763.6    45582