6.6 1745598178124557981
8.6 1745598183124859314
11.2 1745598188125168485
16.6 1745598193125521344
20.6 1745598198125810185
18.6 1745598203126099342
20.4 1745598208126502778
24.4 1745598213126849965
33.6 1745598218127136548
27.4 1745598223127465768
28.8 1745598228127757266
30.0 1745598233128073530
47.6 1745598238128376350
38.2 1745598243128765979
39.4 1745598248129074963
41.4 1745598253129487498
58.4 1745598258129842168
55.8 1745598263130133473
50.0 1745598268130615113
52.0 1745598273130996587
64.8 1745598278131318107
70.8 1745598283131756300
59.8 1745598288132110102
62.0 1745598293132504841
67.2 1745598298132857326
91.4 1745598303133182426
71.2 1745598308133546588
71.0 1745598313134079990
73.2 1745598318134561149
105.8 1745598323134968199
85.2 1745598328135401414
82.4 1745598333135786204
84.0 1745598338136143790
110.8 1745598343136534022
106.4 1745598348136906895
92.8 1745598353137241383
94.6 1745598358137742748
111.0 1745598363138084191
131.2 1745598368138536250
103.2 1745598373139034954
105.4 1745598378139453670
107.8 1745598383139813932
157.4 1745598388140158137
114.4 1745598393140614685
