4.0 1745597369458067048
5.0 1745597374458420100
6.6 1745597379458698216
11.2 1745597384458988828
14.0 1745597389459329476
13.4 1745597394459700148
14.4 1745597399459981730
18.0 1745597404460313577
24.6 1745597409460721970
19.8 1745597414461015680
22.2 1745597419461412956
23.0 1745597424461738706
35.6 1745597429462041403
29.2 1745597434462423416
29.0 1745597439462755627
30.4 1745597444463046574
43.0 1745597449463400550
41.8 1745597454463792940
36.4 1745597459464104273
39.8 1745597464464515580
45.8 1745597469464902570
54.8 1745597474465205897
43.2 1745597479465672404
44.4 1745597484466066303
48.0 1745597489466378919
72.4 1745597494466790909
53.4 1745597499467172701
55.0 1745597504467543201
56.4 1745597509468016129
76.4 1745597514468445198
66.8 1745597519468849674
60.2 1745597524469258385
65.6 1745597529469847861
78.2 1745597534470237680
83.6 1745597539470549877
69.0 1745597544471033436
70.6 1745597549471557942
76.0 1745597554471911765
97.2 1745597559472286406
70.8 1745597564472745379
71.2 1745597569473139403
71.4 1745597574473769740
97.4 1745597579474185326
75.2 1745597584474594954
