6.2 1745589222627479726
8.2 1745589227627763782
9.6 1745589232628023714
15.0 1745589237628299414
17.8 1745589242628605889
17.8 1745589247628874207
18.4 1745589252629146422
22.8 1745589257629472810
29.6 1745589262629775881
25.8 1745589267630046838
27.0 1745589272630417482
28.8 1745589277630740585
44.2 1745589282631006287
34.4 1745589287631270980
36.4 1745589292631696890
39.0 1745589297631987443
53.8 1745589302632309173
49.4 1745589307632719628
46.0 1745589312633007889
47.0 1745589317633279608
59.4 1745589322633690457
66.0 1745589327634044031
54.8 1745589332634435806
55.8 1745589337634837362
61.6 1745589342635153137
85.2 1745589347635548942
65.2 1745589352635957180
67.4 1745589357636335680
70.2 1745589362636734402
100.8 1745589367637095088
79.6 1745589372637513489
77.2 1745589377637908242
79.8 1745589382638248958
103.6 1745589387638679071
101.2 1745589392638983919
88.6 1745589397639397512
88.8 1745589402639798356
105.2 1745589407640132991
125.0 1745589412640546660
98.6 1745589417641012844
99.4 1745589422641449073
103.2 1745589427641779578
152.4 1745589432642155623
110.0 1745589437642570492
