4.8 1745588405783673396
5.2 1745588410783958252
6.8 1745588415784234821
11.4 1745588420784565542
13.0 1745588425784847809
12.4 1745588430785134633
14.0 1745588435785530187
16.8 1745588440785850904
22.8 1745588445786123205
18.8 1745588450786476783
20.8 1745588455786783936
21.8 1745588460787064795
33.4 1745588465787380055
27.0 1745588470787703541
27.2 1745588475788066549
29.4 1745588480788434222
39.2 1745588485788756397
38.6 1745588490789029995
34.8 1745588495789374010
36.2 1745588500789706945
44.0 1745588505790033931
51.6 1745588510790412642
42.4 1745588515790786267
44.4 1745588520791123308
47.8 1745588525791466876
68.4 1745588530791785118
50.6 1745588535792179027
51.8 1745588540792561769
52.4 1745588545792948529
72.6 1745588550793293155
64.2 1745588555793605008
59.4 1745588560793934024
62.6 1745588565794327106
75.6 1745588570794643499
83.2 1745588575794987791
70.8 1745588580795411730
70.6 1745588585795832126
76.4 1745588590796124563
96.4 1745588595796515615
70.8 1745588600796900531
70.8 1745588605797260216
71.0 1745588610797622693
97.8 1745588615797998048
74.6 1745588620798325065
