5.0 1745596031444782426
7.0 1745596036445068986
9.4 1745596041445392593
17.0 1745596046445684651
14.8 1745596051445953083
17.0 1745596056446233792
18.2 1745596061446650265
26.4 1745596066446992407
26.2 1745596071447304758
25.4 1745596076447703343
26.8 1745596081447984244
34.4 1745596086448295504
39.4 1745596091448650629
33.4 1745596096448915634
35.8 1745596101449193935
41.0 1745596106449573787
58.0 1745596111449844698
44.2 1745596116450108599
46.6 1745596121450499240
48.2 1745596126450894495
69.8 1745596131451232824
57.6 1745596136451621401
56.8 1745596141452032218
58.0 1745596146452424596
76.4 1745596151452729646
75.8 1745596156453024120
64.8 1745596161453458152
67.4 1745596166453967426
79.0 1745596171454292649
96.8 1745596176454696103
76.2 1745596181455021466
77.6 1745596186455411977
80.4 1745596191455787643
119.8 1745596196456144791
86.6 1745596201456583397
88.8 1745596206457133744
90.8 1745596211457539700
123.0 1745596216457902802
105.2 1745596221458220547
97.8 1745596226458691299
100.4 1745596231459099944
127.0 1745596236459480434
137.0 1745596241459856154
107.8 1745596246460219750
