3.8 1745595259827488789
5.0 1745595264827764899
6.4 1745595269828035536
12.8 1745595274828303249
11.8 1745595279828613808
12.2 1745595284828894397
14.0 1745595289829174000
19.4 1745595294829504153
21.0 1745595299829791188
19.2 1745595304830076058
20.6 1745595309830436931
25.0 1745595314830745458
32.0 1745595319831025700
26.2 1745595324831377012
27.8 1745595329831776272
29.2 1745595334832060807
44.6 1745595339832342811
34.6 1745595344832738957
35.6 1745595349833061756
36.4 1745595354833431849
49.2 1745595359833769208
47.8 1745595364834076196
43.2 1745595369834470673
43.8 1745595374834812809
54.0 1745595379835138386
62.2 1745595384835547231
50.4 1745595389836109815
53.0 1745595394836533399
56.6 1745595399836914612
77.6 1745595404837402216
57.2 1745595409837861424
60.2 1745595414838246619
60.8 1745595419838741447
86.0 1745595424839091654
77.4 1745595429839453817
68.6 1745595434839858022
68.8 1745595439840267949
86.2 1745595444840638503
86.6 1745595449840973442
70.4 1745595454841417140
70.8 1745595459841823100
77.6 1745595464842146131
96.2 1745595469842590484
71.0 1745595474843024991
