4.0 1745597066245241480
5.6 1745597071245570284
6.8 1745597076245886210
13.6 1745597081246183117
16.6 1745597086246500050
14.0 1745597091246833079
15.2 1745597096247108148
18.2 1745597101247549960
24.4 1745597106247844490
21.2 1745597111248110924
22.8 1745597116248479994
23.0 1745597121248816647
35.6 1745597126249153786
27.2 1745597131249516991
29.0 1745597136249844841
30.0 1745597141250234172
41.8 1745597146250564189
44.4 1745597151250913701
36.2 1745597156251199552
38.4 1745597161251718647
47.2 1745597166252080924
56.8 1745597171252489197
44.8 1745597176252958257
47.4 1745597181253415197
48.8 1745597186253849152
72.0 1745597191254126254
51.2 1745597196254660882
55.0 1745597201255114692
55.2 1745597206255528761
74.4 1745597211255849238
68.8 1745597216256323079
61.6 1745597221256692977
62.4 1745597226257123410
74.4 1745597231257502558
88.2 1745597236257867281
70.8 1745597241258279649
70.4 1745597246258755801
74.8 1745597251259084436
98.0 1745597256259504986
70.6 1745597261259951615
71.0 1745597266260526846
71.4 1745597271261012910
96.6 1745597276261433094
76.0 1745597281261800003
