4.0 1745595563320856922
5.0 1745595568321147554
6.2 1745595573321467712
12.6 1745595578321759393
11.4 1745595583322023614
12.4 1745595588322414266
14.8 1745595593322774740
20.4 1745595598323090790
20.8 1745595603323445420
19.6 1745595608323789416
20.6 1745595613324100892
25.0 1745595618324499902
31.8 1745595623324799875
26.8 1745595628325092203
27.8 1745595633325503018
30.2 1745595638325900348
44.8 1745595643326231227
34.0 1745595648326625599
35.2 1745595653327028209
37.4 1745595658327462235
50.0 1745595663327840575
46.8 1745595668328165503
42.8 1745595673328514363
44.4 1745595678328891547
54.8 1745595683329234113
61.4 1745595688329542019
50.4 1745595693329972954
52.0 1745595698330392631
57.0 1745595703330730467
79.2 1745595708331067509
59.4 1745595713331515316
59.8 1745595718331848554
60.6 1745595723332233979
85.6 1745595728332618680
73.8 1745595733332945989
69.0 1745595738333438873
68.2 1745595743333798928
87.0 1745595748334192120
85.6 1745595753334585657
70.4 1745595758334979484
71.0 1745595763335327335
78.0 1745595768335732761
94.8 1745595773336089819
70.6 1745595778336558096
