5.4 1745596338759991147
7.2 1745596343760339172
9.6 1745596348760675284
17.4 1745596353760957889
16.0 1745596358761237304
16.8 1745596363761634148
18.6 1745596368761917501
26.2 1745596373762198736
27.0 1745596378762562773
26.0 1745596383762862281
26.6 1745596388763133120
33.2 1745596393763448009
41.4 1745596398763794457
34.6 1745596403764068553
36.6 1745596408764451560
40.0 1745596413764797411
59.8 1745596418765064852
45.8 1745596423765517584
47.2 1745596428765845744
48.6 1745596433766152206
69.6 1745596438766509393
59.8 1745596443766808171
56.0 1745596448767142137
57.4 1745596453767731193
73.6 1745596458768102264
78.4 1745596463768514836
65.4 1745596468768885067
67.2 1745596473769225058
78.2 1745596478769607247
97.4 1745596483769965316
76.8 1745596488770367048
78.2 1745596493770940087
81.0 1745596498771470569
118.4 1745596503771819980
88.8 1745596508772181568
87.8 1745596513772659085
91.6 1745596518773072198
121.4 1745596523773406413
110.2 1745596528773755261
98.6 1745596533774156682
100.4 1745596538774601223
119.0 1745596543774929604
135.0 1745596548775381164
111.4 1745596553775788896
