5.0 1745588919176526259
7.0 1745588924176821697
10.0 1745588929177091440
16.6 1745588934177399059
15.8 1745588939177714178
17.0 1745588944177990607
18.4 1745588949178253839
25.8 1745588954178674367
27.0 1745588959178942558
25.0 1745588964179213224
26.2 1745588969179563322
32.4 1745588974179890415
40.6 1745588979180158707
33.8 1745588984180501254
35.8 1745588989180826918
39.8 1745588994181128056
58.6 1745588999181533935
45.4 1745589004181919432
46.4 1745589009182204701
48.4 1745589014182570450
66.6 1745589019182975693
59.6 1745589024183252472
57.0 1745589029183789155
59.0 1745589034184121838
73.6 1745589039184476179
78.2 1745589044184868412
65.0 1745589049185204203
66.8 1745589054185578828
77.0 1745589059185988453
98.6 1745589064186412675
76.8 1745589069186807858
78.6 1745589074187177323
80.4 1745589079187683819
115.4 1745589084188054217
89.0 1745589089188536866
88.6 1745589094189151293
89.6 1745589099189602262
119.6 1745589104190033311
108.6 1745589109190480496
97.2 1745589114191118516
98.6 1745589119191542158
115.2 1745589124191889289
131.8 1745589129192196149
106.4 1745589134192631433
