3.2 1745588101991489594
4.2 1745588106991783373
5.6 1745588111992065383
12.2 1745588116992460701
10.6 1745588121992767482
11.4 1745588126993042525
13.6 1745588131993384298
18.8 1745588136993720740
20.2 1745588141993990316
18.8 1745588146994311569
20.2 1745588151994635320
24.2 1745588156994924018
30.0 1745588161995243853
26.6 1745588166995651692
28.0 1745588171995942699
30.0 1745588176996311316
45.2 1745588181996648649
33.8 1745588186996935080
35.2 1745588191997275986
37.4 1745588196998447327
50.8 1745588201998792504
47.0 1745588206999115288
43.0 1745588211999510848
44.8 1745588216999875323
55.4 1745588222000216264
61.2 1745588227000627736
51.0 1745588232000993648
51.6 1745588237001422747
56.8 1745588242001797714
76.2 1745588247002124061
56.4 1745588252002538697
59.0 1745588257002970290
60.6 1745588262003478335
84.2 1745588267003863551
69.2 1745588272004407154
66.4 1745588277004799485
70.4 1745588282005191962
85.0 1745588287005538611
85.8 1745588292005890075
70.8 1745588297006253452
70.8 1745588302006640166
77.6 1745588307006958448
95.4 1745588312007311116
70.8 1745588317007711102
