6.4 1745597873598164058
8.8 1745597878598515259
12.2 1745597883598806054
17.8 1745597888599135745
17.0 1745597893599522205
16.8 1745597898599866512
19.4 1745597903600180519
26.8 1745597908600502976
31.6 1745597913600780300
28.0 1745597918601068923
29.2 1745597923601434901
33.6 1745597928601780813
45.8 1745597933602099787
37.2 1745597938602525484
38.6 1745597943602892651
41.6 1745597948603177824
61.8 1745597953603529604
49.2 1745597958603845176
49.6 1745597963604133915
51.4 1745597968604535476
70.6 1745597973604857943
65.8 1745597978605160962
60.4 1745597983605562162
62.8 1745597988606033222
76.2 1745597993606440475
86.4 1745597998606792863
70.4 1745598003607155333
73.2 1745598008607595443
76.8 1745598013607945940
109.2 1745598018608251376
81.4 1745598023608748596
81.6 1745598028609162806
85.0 1745598033609574457
121.2 1745598038609944563
97.0 1745598043610325910
93.0 1745598048610856734
94.8 1745598053611411490
122.6 1745598058611781716
122.4 1745598063612196385
105.4 1745598068612760282
107.8 1745598073613204585
119.2 1745598078613618966
150.8 1745598083613977004
114.8 1745598088614483767
