Timestamp start: 1746371615072
Timestamp end: 1746373415357

#type       avg     std     min      p5     p10     p50     p67     p75     p80     p85     p90     p95     p99    p999   p9999      QPS   target
read      220.5   206.5    68.9   110.5   127.4   213.6   233.1   244.3   252.0   262.2   273.8   295.4   397.2  2666.0  7986.8   8084.4     8195
read      390.7   401.3    80.4   177.1   203.6   318.9   373.0   412.2   446.6   492.8   551.8   644.8  2799.7  4616.5  7985.4 158127.8   158594
read      283.0   209.7    80.4   138.6   155.7   254.7   302.7   330.7   351.7   378.2   415.9   480.3   677.3  2945.7  7690.0 149638.2   149766
read      214.0   145.7    68.9   109.7   126.9   206.4   227.0   237.7   246.7   256.2   270.4   294.4   542.0  2198.1  5671.9  10412.0    10382
read      400.4   340.9    80.4   174.7   202.2   323.8   387.1   434.4   472.8   520.6   582.7   734.9  1689.7  3925.5  7741.2 170533.6   170548
read      326.5   245.3    74.4   143.2   163.8   285.0   355.0   401.5   435.4   473.0   518.7   583.7   747.8  3563.5  7791.7 150386.0   150565
read      299.8   242.5    74.4   137.9   155.7   264.1   318.3   350.6   375.4   406.7   450.9   524.2   754.5  3470.0  7520.4 137134.2   137144
read      278.0   172.5    74.4   129.3   144.6   242.9   298.6   332.6   359.0   393.6   446.2   543.6   740.4  2116.5  5369.7 143507.4   143496
read      241.9   133.9    68.9   126.3   140.3   221.5   266.2   292.0   310.8   333.2   362.0   404.6   511.1  1542.0  4644.5 145029.0   144743
read      273.5   322.1    68.9   118.9   131.6   215.9   266.9   295.7   316.7   341.7   374.4   442.7  1654.7  3650.2  7822.1 116884.0   116745
read      234.0   157.3    68.9   120.1   132.7   207.9   252.4   279.4   298.7   320.9   349.6   393.9   517.5  2656.7  4075.4 129414.8   129314
read      282.6   255.8    68.9   129.8   145.2   239.9   289.6   317.7   339.2   366.1   403.2   479.6  1446.7  3042.9  8031.2 144767.6   144723
read      220.9   110.6    68.9   115.5   127.0   198.7   244.0   271.6   291.4   313.8   341.1   380.1   460.9  1231.5  2631.9 117320.2   117379
read      225.6   122.4    68.9   116.3   128.1   201.7   248.1   275.4   295.5   318.2   346.0   388.3   486.4  1574.1  3106.8 120079.6   119931
read      228.0   130.6    68.9   119.0   131.4   206.2   250.0   275.9   294.9   317.0   344.3   386.2   472.3  1878.8  3686.9 131735.6   132052
read      240.6   139.7    63.8   125.3   139.2   219.2   263.3   289.2   308.3   330.9   359.9   403.8   519.6  1759.1  4076.5 143225.6   143350
read      239.7   110.6    68.9   126.3   140.4   221.0   264.2   289.4   307.9   329.6   357.7   400.3   505.6  1276.8  3059.3 143641.8   143518
read      324.5   188.3    68.9   144.6   164.4   282.1   350.5   400.4   443.3   493.4   549.0   624.1   762.0  1837.5  5222.4 172997.4   172981
read      234.5   134.5    63.8   116.3   128.6   212.6   261.4   289.0   308.3   330.3   357.8   398.5   502.2  1789.6  3858.1  93986.0    94027
read      310.1   146.2    74.4   156.8   178.5   289.1   342.7   374.6   398.6   427.1   463.3   518.9   637.4  1382.8  4396.0 170171.2   170019
read      319.0   161.9    68.9   148.4   168.4   283.6   344.9   388.5   424.9   471.0   529.3   605.7   734.8  1213.6  4016.7 178741.6   179090
read      234.5   110.0    68.9   117.0   129.2   224.8   269.9   292.2   307.7   324.8   346.0   381.0   464.9  1148.8  2635.9  47174.6    47130
read      243.5   106.0    68.9   117.1   132.8   242.4   276.3   294.6   307.4   320.8   339.8   367.6   429.2  1037.2  2428.9  19441.0    19439
read      341.0   346.9    68.9   130.0   146.9   258.9   317.3   352.2   380.0   418.2   485.4  1029.8  1716.5  3377.5  7553.9 128847.0   128963
read      252.7   138.6    68.9   120.4   136.2   247.7   283.7   303.6   317.7   335.5   357.9   392.7   477.3  1442.7  6994.5  23764.0    23787
read      252.6   183.7    68.9   115.0   127.0   229.4   283.8   311.1   330.3   352.9   383.5   435.1   615.9  2693.8  5700.7  61630.2    61848
read      227.8   117.8    68.9   114.5   126.0   203.9   254.2   283.7   304.4   327.4   355.4   396.3   494.1  1193.3  2927.3 101955.2   101968
read      231.0   128.3    63.8   117.0   129.2   207.4   256.0   284.8   305.3   328.6   357.2   397.9   490.6  1470.8  3829.2 108576.6   108767
read      238.0   144.0    68.9   115.8   127.8   209.0   260.8   291.2   312.7   337.6   368.8   419.1   657.6  1655.1  4004.6  97111.4    97139
read      345.0   174.6    74.4   154.6   178.3   307.4   369.8   416.8   460.0   514.8   578.3   659.4   797.6  1408.7  3637.1 158825.4   158594
read      270.7   150.3    74.4   132.1   148.6   245.7   296.8   326.8   348.8   376.6   414.9   479.8   640.0  1565.2  4392.5 141393.0   141240
read      260.9   152.4    63.8   116.9   130.3   250.3   297.5   322.6   341.0   362.8   390.4   432.0   539.4  2410.3  4083.1  41506.6    41405
read      250.1   169.4    68.9   115.2   127.0   232.6   285.7   311.6   329.7   350.7   378.5   425.5   550.0  2659.8  5345.6  57829.6    57997
read      242.0   117.6    68.9   125.0   139.3   222.2   267.5   293.7   312.9   335.5   364.4   407.6   522.1  1350.4  2762.0 133815.8   133577
read      232.9    99.7    63.8   114.8   126.6   225.6   274.5   296.7   311.9   328.5   347.5   377.0   438.3   668.2  2635.3  53744.2    53832
read      251.8   124.3    68.9   129.0   143.9   231.8   278.4   305.3   324.3   346.7   376.3   424.2   545.7  1516.8  3478.3 139947.6   139832
read      331.4   160.7    68.9   153.3   174.9   293.1   360.1   411.2   454.6   503.0   554.8   622.2   737.5   942.9  3621.7 170435.0   170515
read      268.6   147.5    74.4   129.1   144.8   243.3   295.2   325.0   347.2   375.2   415.0   482.5   642.9  1744.9  4127.6 128365.2   128494
read      240.0    96.1    68.9   118.6   134.6   240.0   270.2   286.6   297.7   312.7   331.3   360.4   426.6   936.6  2554.5  20716.6    20789
read      249.1   132.8    68.9   114.9   126.5   230.0   287.3   315.3   335.4   358.8   389.0   438.5   580.7  1357.3  3008.8  63464.6    63647
read      229.2    93.9    68.9   114.2   125.0   215.7   269.7   295.2   312.2   330.8   353.0   385.2   446.6   561.1  1400.4  64980.8    64802
read      232.7   110.5    63.8   114.8   125.9   224.9   273.6   296.2   311.4   328.1   347.9   378.7   445.0   813.3  2776.4  55855.6    55719
read      335.9   162.9    68.9   162.1   184.5   297.9   361.2   411.4   454.5   501.3   550.6   616.4   729.2  1176.0  3873.3 174182.0   174179
read      238.8   115.7    68.9   120.1   133.2   219.8   268.0   295.0   314.1   336.4   364.5   406.1   506.6  1098.8  2904.8 106282.4   106356
read      339.8   147.2    68.9   171.4   195.5   306.0   361.9   405.6   447.5   495.2   545.9   611.5   723.2   998.2  3096.4 178421.8   178750
read      234.0   115.3    63.8   118.4   131.1   217.6   264.9   290.4   308.4   328.8   354.4   393.8   490.6   778.9  2971.2 105888.0   105831
read      216.8   107.4    68.9   113.5   124.3   196.1   243.3   271.3   291.0   312.4   337.6   372.0   443.7   652.4  1700.6 110591.6   110667
read      221.5   212.6    63.8   108.0   126.7   211.3   231.2   242.5   250.6   261.1   274.4   302.2   573.4  3491.7  7480.6   8798.0     8803
read      272.1   224.2    63.8   113.1   125.1   251.4   306.2   334.9   354.6   376.2   402.7   446.2   770.9  3021.2  7413.3  45524.2    45662
read      267.5   217.8    63.8   113.4   126.6   250.3   294.4   317.3   333.6   351.8   375.4   420.8   890.3  3121.0  7269.6  30865.6    30867
read      293.7   342.7    63.8   113.6   125.9   251.2   306.7   336.0   356.2   378.8   407.8   461.8  1616.4  4685.7  7963.9  45391.0    45656
read      398.9   522.8    68.9   122.9   138.7   251.1   313.3   355.5   395.8   492.0   830.3  1393.7  2654.4  6102.7  8944.6 100977.2   100938
read      228.4   136.2    63.8   119.3   131.5   204.5   247.2   272.6   291.6   313.6   341.1   382.9   499.3  1728.8  3654.8 132123.8   132360
read      224.4   101.0    68.9   111.7   121.4   209.3   264.1   288.8   304.9   321.9   343.1   373.6   439.7   904.9  2621.1  67601.4    67591
read      249.7   141.0    63.8   113.0   125.3   241.0   283.8   306.1   321.3   339.9   363.4   399.4   573.8  1771.6  3038.4  34094.4    33910
read      259.2   258.9    68.9   113.5   124.4   213.6   272.0   304.0   326.8   354.1   391.5   465.2  1121.7  3901.6  7710.8  85473.0    85729
read      220.3   134.1    68.9   111.9   128.6   218.6   240.2   252.4   261.7   271.9   286.6   309.7   376.5  1579.9  5035.5  12985.2    12884
read      258.4   157.3    68.9   114.0   125.8   244.6   298.6   326.7   345.0   365.7   390.5   426.7   540.7  2464.5  3885.0  45516.8    45621
read      276.3   327.2    63.8   114.1   126.7   248.5   296.8   321.1   338.4   357.9   382.3   425.5  1157.6  4413.9 11172.9  36849.6    36938
read      264.4   162.7    59.1   112.8   124.3   244.7   305.2   337.3   359.2   383.0   411.1   454.6   621.4  2109.1  3944.9  56925.0    56902
read      256.7   219.6    63.8   115.1   126.8   209.4   263.3   294.4   317.2   344.7   385.0   494.9  1190.4  2677.1  5297.6 102356.8   102243
read      220.3    79.3    68.9   113.7   131.1   221.2   244.2   256.9   266.6   276.9   292.3   316.7   383.4   742.7  1857.2  14112.0    14085
read      261.2   255.8    68.9   115.3   126.9   212.5   269.6   302.3   325.6   353.8   394.1   482.5  1189.6  3651.0  7564.0  93975.0    94103
read      225.9    97.2    63.8   112.9   123.3   217.2   267.6   290.1   304.9   320.3   340.1   368.5   427.5   591.5  1958.6  58148.0    58175
read      241.4   121.2    74.4   130.7   145.1   224.7   265.7   289.3   306.7   327.2   354.0   395.7   492.0  1139.7  3307.7 151550.0   151312
read      226.0   122.1    63.8   112.8   122.9   202.0   257.1   285.8   305.1   326.1   351.7   390.6   484.4  1347.5  3350.2  83304.0    83333
read      297.2   167.9    68.9   141.1   159.1   268.5   330.8   368.5   396.2   428.8   469.0   531.3   654.6  1432.3  5394.3 165192.0   165153
read      223.3   108.8    63.8   117.8   129.6   201.8   246.2   272.5   291.8   314.0   341.1   380.8   465.7  1226.4  3250.3 123933.0   123975
read      245.2   119.6    68.9   115.9   129.4   244.2   280.4   299.5   313.4   329.7   349.8   382.5   459.8  1163.1  4009.4  28412.2    28449
read      226.4    98.1    63.8   112.7   128.5   226.8   251.8   265.4   274.2   286.5   300.7   323.4   394.4  1246.4  3124.9  14960.6    14903
read      249.4   113.9    63.8   114.8   127.5   247.1   289.5   310.8   324.9   340.9   361.5   392.3   473.3  1192.5  2846.6  31136.6    31189
read      264.2   180.3    68.9   115.0   127.6   249.7   300.8   326.5   343.7   363.9   388.4   426.0   689.7  2359.9  4992.7  40717.6    40636
read      252.7   203.2    63.8   114.2   125.4   216.1   275.5   307.6   330.0   356.4   392.4   457.2   789.1  2757.2  6633.1  80677.2    80574
read      319.8   165.9    74.4   150.1   170.2   284.2   352.8   399.9   434.0   471.2   515.6   578.1   704.9  1778.8  4931.1 169010.4   168820
read      344.5   262.3    80.4   156.5   178.7   296.7   357.9   399.6   432.9   471.8   522.6   600.6  1438.1  3354.2  7501.1 162595.8   162621
read      230.4   106.6    63.8   118.5   130.6   210.8   257.9   285.0   304.3   326.1   353.4   393.6   480.5  1006.9  3182.7 101438.6   101621
read      234.1    99.8    63.8   115.7   127.3   225.8   276.7   299.5   314.9   332.3   352.9   383.8   445.9   621.9  2586.9  58500.6    58592
read      300.2   148.3    74.4   142.1   161.0   270.9   329.6   366.4   395.0   430.9   478.3   549.6   692.4  1417.4  3227.2 152869.4   153042
read      234.9   131.9    68.9   119.6   132.0   211.2   259.2   287.2   307.2   329.9   358.3   399.1   507.4  1678.3  3902.1 112248.0   112238
read      330.1   179.1    74.4   148.2   168.3   290.3   359.3   407.0   447.3   495.5   553.4   633.6   783.2  1566.7  4471.3 160318.2   160265
read      239.7   129.0    68.9   118.2   129.9   229.2   279.6   302.7   317.9   335.6   357.0   389.0   464.1  1453.1  4115.5  57143.6    57109
read      231.9   139.9    68.9   116.0   127.6   209.1   263.5   292.9   313.0   335.3   362.2   400.1   483.9   969.3  5067.0  88248.6    88551
read      212.4    75.5    68.9   112.8   130.5   213.9   232.8   243.7   251.2   260.8   272.6   292.7   345.0   772.4  2863.3   8336.6     8385
read      262.1   135.9    68.9   118.1   131.7   256.4   303.7   327.5   343.5   362.0   384.4   419.0   505.6  1772.9  3581.7  34045.0    34088
read      307.0   323.2    68.9   123.4   137.9   235.3   291.4   322.3   345.5   374.6   420.7   633.0  1671.2  3665.0  7260.1 113659.6   113600
read      251.1   135.4    68.9   127.3   141.6   229.2   277.8   305.6   325.2   348.4   379.2   428.6   561.0  1542.7  3414.9 131947.0   131842
read      234.7   133.9    68.9   119.1   131.7   212.0   260.5   288.6   308.7   331.8   360.6   401.2   501.3  1426.7  5592.6 112078.0   112066
read      234.8   103.7    68.9   116.8   128.2   217.7   274.2   301.5   319.5   339.4   363.1   396.5   466.6   746.5  2534.5  72561.8    72585
read      252.4   122.1    74.4   128.5   143.0   231.6   280.3   307.8   327.5   350.8   381.6   430.9   562.8  1141.3  3746.7 133517.4   133669
read      226.8    88.4    74.4   117.3   135.6   226.9   249.7   262.3   271.0   282.0   295.3   318.4   384.4  1176.6  2390.7  11842.8    11820
read      230.7   109.9    68.9   115.4   134.3   231.7   255.2   268.5   277.4   289.2   303.3   325.0   385.6  1057.1  4696.8  12595.4    12639
read      325.4   334.7    74.4   126.2   141.5   246.3   302.4   334.6   359.3   392.3   449.7   879.2  1718.3  3215.8  7263.0 118010.6   118548
read      347.6   181.5    68.9   159.4   182.1   309.0   377.9   426.5   465.3   512.6   572.3   655.6   805.1  1259.8  4861.5 165894.4   165754
read      234.7   110.7    68.9   118.6   130.6   215.5   265.6   293.6   313.1   335.2   362.6   401.7   491.7   857.1  3757.5  86803.6    86823
read      238.2    86.5    68.9   119.3   136.2   239.8   266.7   281.0   291.5   304.0   319.3   344.4   406.4  1032.9  2478.9  16914.6    16898
read      345.4   376.3    68.9   131.0   147.9   258.3   311.7   342.8   368.4   402.8   471.9  1106.0  1812.5  3728.7  7755.7 122668.6   123124
read      233.0   105.2    68.9   115.6   126.9   216.3   272.7   299.5   317.2   337.0   360.7   395.0   465.2   656.8  2662.1  71929.6    72278
read      240.7    94.6    68.9   119.1   131.2   240.4   283.7   304.1   317.4   333.4   352.2   380.7   439.3   591.3  2041.8  47693.2    47757
read      235.7   101.8    68.9   116.4   128.0   225.5   278.3   302.3   317.9   335.8   357.2   388.4   455.5   687.5  2673.2  60400.6    60510
read      246.9   105.7    68.9   119.0   133.2   247.4   281.0   298.8   312.1   327.2   346.0   376.0   452.9  1146.0  2451.0  25207.6    25237
read      314.1   319.4    63.8   120.6   134.5   233.6   293.6   329.4   357.5   396.1   480.8   865.9  1619.9  3102.2  7684.5  97798.6    97783
read      238.5   137.6    68.9   120.8   133.9   214.8   262.4   289.8   309.5   332.3   360.9   403.0   535.7  1820.4  4161.0 119060.8   118966
read      241.3   124.0    63.8   123.6   142.1   238.5   264.4   278.1   289.4   302.3   319.5   350.8   452.8  1047.4  5789.7  16610.2    16631
read      234.9   111.0    68.9   121.7   142.5   233.5   257.1   270.1   279.5   291.3   306.7   331.6   415.5   873.2  5042.6  11819.4    11743
read      328.2   360.5    74.4   124.8   139.8   241.8   294.4   324.3   347.7   379.3   435.8  1221.6  1718.0  3606.5  7552.8 115042.6   115026
read      237.6   142.2    68.9   121.1   134.3   214.7   261.2   288.4   307.8   330.4   359.3   401.7   522.9  1809.3  5259.3 122670.0   122371
read      208.2   119.1    74.4   109.1   126.2   205.7   224.5   234.2   242.2   251.1   264.1   285.1   350.7  2238.1  3888.2   7216.0     7198
read      249.3   102.8    68.9   117.1   131.9   249.5   287.0   306.6   319.7   335.6   354.5   383.5   451.4   952.4  2840.5  24868.2    25022
read      416.1   318.3    86.8   185.3   215.8   343.0   404.9   453.7   496.9   555.0   634.5   788.2  1687.6  3567.9  7649.3 157381.2   157513
read      367.5   190.6    80.4   168.4   194.2   323.1   398.8   454.2   496.6   545.4   604.3   686.9   851.3  1487.5  4532.9 171835.0   171975
read      339.9   171.6    74.4   150.9   173.2   302.7   376.2   428.2   466.2   508.5   558.7   631.6   781.4  1194.2  3640.1 154923.2   154918
read      331.8   178.3    74.4   139.9   160.0   292.8   368.8   420.8   460.5   506.7   561.8   639.3   796.1  1386.9  3365.9 139518.4   139185
read      306.8   168.4    74.4   139.8   158.1   268.3   330.4   372.8   408.5   454.3   511.7   594.4   761.7  1399.9  4021.7 152932.2   152724
read      229.2   146.2    63.8   119.1   133.9   224.7   254.7   270.8   282.7   296.2   314.9   343.5   414.8  1279.1  7271.6  20740.8    20845
read      399.6   358.8    74.4   158.6   183.1   318.2   383.4   429.5   469.0   523.9   604.0   843.4  1737.3  3674.8  7939.3 140372.2   140348
read      234.4   140.1    63.8   116.1   127.7   210.3   264.3   293.9   314.1   336.9   364.5   403.1   498.2  1676.6  5204.1  88860.0    88725
read      251.7   128.3    74.4   128.4   142.9   230.4   277.6   304.9   324.0   347.0   378.2   427.9   571.8  1440.4  4072.6 133889.2   134088
read      233.8   100.6    68.9   115.9   127.4   220.2   275.0   300.7   317.5   336.5   359.0   391.3   456.9   652.9  2475.8  66102.6    66126
read      233.3   119.9    74.4   115.6   126.9   213.1   269.4   297.5   316.3   337.2   362.3   398.0   474.8   928.9  4103.0  78145.4    78214
read      236.2   107.6    68.9   116.6   128.3   228.8   278.1   300.3   315.3   332.2   352.1   382.0   446.6   781.5  2964.4  55108.0    55191
read      236.8    94.3    63.8   117.0   128.9   231.6   280.1   302.2   316.8   333.7   353.6   383.0   443.6   625.2  2258.3  54022.0    54081
read      237.2   128.9    68.9   120.0   132.6   213.7   262.2   290.2   310.2   333.1   361.5   402.8   527.7  1627.3  3455.4 112647.8   112478
read      361.0   193.6    68.9   163.1   186.9   314.6   391.8   444.9   486.7   536.8   600.2   694.0   884.4  1689.6  4657.0 179522.2   179666
read      262.2   142.2    68.9   126.8   142.0   242.9   293.8   321.6   342.4   367.4   400.0   454.7   579.3  1178.1  4350.8 100571.0   100584
read      244.1   118.2    68.9   125.6   139.6   223.7   270.9   297.6   316.9   339.8   368.7   413.4   529.9  1334.8  3206.1 127807.0   127920
read      203.8    90.3    74.4   109.4   124.6   204.1   221.9   231.5   238.4   248.0   259.7   278.0   345.4   956.8  2749.7   6623.2     6594
read      250.4   124.0    68.9   118.3   133.0   249.3   286.4   305.6   318.4   334.2   353.0   381.5   448.8  1356.2  4272.0  24926.8    25020
read      323.1   303.2    74.4   132.0   149.2   260.6   317.8   351.4   377.6   413.2   471.1   639.0  1663.3  3484.3  7511.1 129427.8   129587
read      220.7    92.1    74.4   116.5   135.2   220.2   240.2   251.7   260.7   271.1   286.4   313.1   402.8   937.5  2712.0  10301.2    10277
read      382.1   308.6    74.4   160.8   185.5   318.3   384.1   429.6   467.8   518.3   585.6   705.0  1652.9  3620.6  7533.8 148264.4   148458
read      235.6   100.9    63.8   116.9   128.5   221.6   275.7   301.6   318.6   337.8   361.0   394.6   464.2   746.0  2375.4  66085.4    66114
read      240.2   112.0    63.8   118.7   130.8   237.5   282.5   303.2   316.8   332.8   351.6   380.3   439.9   729.8  2714.3  49195.0    49261
read      252.2   136.8    68.9   128.4   142.7   230.5   278.0   305.1   324.3   347.0   378.0   427.5   561.3  1776.1  3905.1 133043.8   133049
read      235.6   140.3    68.9   119.3   131.6   212.0   261.4   289.8   310.1   333.4   361.8   402.5   505.3  1537.5  4993.2 106726.8   106628
read      248.2   105.9    68.9   120.2   135.5   248.1   280.9   298.1   311.2   325.8   344.7   373.7   451.8  1126.9  2873.1  23557.2    23498
read      321.8   379.9    68.9   122.2   136.6   237.8   294.6   325.6   348.8   378.7   426.9   827.3  1825.6  4058.5  7761.7 103379.0   103564
read      340.6   186.7    74.4   151.0   172.4   297.9   368.9   418.6   460.1   510.9   575.1   663.2   822.5  1658.1  4352.9 161741.2   161774
read      252.9   117.0    63.8   119.6   133.1   245.4   290.4   313.7   330.5   349.6   374.6   414.2   510.8  1320.2  2451.5  39216.2    39037
read      437.3   348.9    80.4   193.4   224.1   360.6   431.1   480.7   520.7   570.8   638.9   805.0  1773.4  3741.1  7980.8 163601.0   163622
read      317.3   173.4    68.9   142.1   163.1   285.4   343.7   383.5   416.5   459.4   514.4   593.7   761.1  1717.7  4761.5 132311.2   132405
read      284.1   158.9    74.4   134.4   151.4   253.1   306.0   337.7   362.9   395.4   443.7   541.2   764.7  1467.5  4951.6 131353.4   131596
read      364.0   181.0    80.4   175.6   202.2   326.6   390.8   436.8   476.0   522.7   578.8   660.6   836.4  1619.7  4661.0 174515.0   174543
read      259.9   158.9    74.4   121.0   134.6   231.6   286.3   316.6   338.6   365.1   401.2   471.2   724.6  1587.2  5577.4  90625.4    90567
read      238.9   121.5    74.4   122.1   135.5   217.3   264.9   292.2   311.9   334.8   363.7   405.0   514.2  1403.4  2834.9 116488.4   116582
read      227.6    84.0    74.4   119.6   138.2   228.7   251.9   264.9   273.4   285.3   298.7   321.4   374.7   750.2  2669.8  13919.8    13888
read      385.4   433.2    68.9   136.2   154.9   282.3   343.9   382.9   416.0   466.2   571.1  1337.2  2027.8  4161.5  9210.2 119312.0   119224
read      350.0   187.8    74.4   153.9   176.8   308.8   381.9   434.5   476.1   525.0   582.7   666.1   829.8  1647.8  4937.2 156140.2   156471
read      351.1   175.8    80.4   162.6   187.4   313.8   381.5   428.5   466.0   512.6   571.2   652.5   801.1  1419.0  4233.6 164055.4   164013
read      253.3   125.5    68.9   121.0   134.7   243.6   290.5   314.9   332.5   352.7   378.5   418.6   511.9  1206.5  5162.2  42063.6    41909
read      339.8   314.3    68.9   137.1   155.1   273.0   332.2   367.7   396.6   436.6   508.1   688.7  1724.0  3450.3  7504.0 128385.6   128280
read      235.0   126.5    74.4   119.9   132.4   213.2   261.7   289.6   309.5   332.3   360.8   401.3   497.0  1243.5  3570.0 107161.0   107066
read      242.9   103.9    68.9   120.1   132.7   242.1   285.6   305.7   318.8   334.7   353.5   382.1   448.5   684.3  3223.1  46227.8    46119
read      219.6    76.1    74.4   117.1   136.4   220.8   240.8   252.2   261.0   271.0   284.7   306.0   367.8   830.1  1996.5  10279.0    10227
read      221.3    78.7    74.4   115.1   134.2   222.7   244.6   256.4   265.6   274.7   289.0   310.3   369.3   820.3  1914.0  10882.4    10870
read      410.9   328.8    74.4   178.5   207.1   340.0   406.4   454.9   494.5   544.1   612.6   743.1  1730.4  3770.9  7626.9 146639.4   146664
read      242.8   111.5    74.4   120.9   137.1   241.2   271.0   287.2   298.0   312.3   329.8   358.1   433.9  1430.3  4403.0  19772.8    19865
read      324.1   358.0    68.9   126.5   141.6   245.1   302.2   334.4   358.9   390.7   441.8   694.6  1805.2  3735.5  7835.4 113559.8   113409
read      234.6   111.1    59.1   116.1   127.7   219.9   273.7   298.6   315.2   334.0   356.7   390.2   466.8   988.7  3215.3  70564.6    70623
read      233.2    95.3    63.8   117.8   130.2   232.3   274.6   293.5   306.3   319.6   337.6   363.1   410.2   505.2  3087.5  52416.2    52633
read      224.2    93.0    68.9   116.6   128.2   205.4   254.1   281.8   300.8   321.2   345.4   380.6   452.7   648.9  1584.4 104505.0   104630
read      236.6    83.1    68.9   120.1   133.5   240.7   276.7   293.2   304.6   316.9   333.4   356.9   403.3   519.6  2069.0  42440.8    42594
read      226.9    98.5    68.9   116.6   128.1   208.9   259.8   287.3   305.6   325.4   348.8   384.1   455.2   655.6  2159.4  94975.0    95196
read      234.4   103.6    68.9   118.1   130.5   233.4   275.2   294.0   306.7   319.8   338.1   364.1   414.4   565.6  2725.0  52243.0    52243
read      238.3    87.4    63.8   121.7   136.2   243.7   276.4   291.7   302.2   314.3   329.6   352.2   399.4   489.6  2787.7  37098.6    37031
read      236.8    89.6    68.9   120.5   134.4   240.7   275.3   291.3   302.3   314.7   330.6   353.5   399.8   513.6  2726.5  39813.0    39878
read      226.1    93.6    68.9   118.5   130.4   207.7   254.8   281.9   300.7   321.3   346.2   383.4   460.6   646.0  2238.8 110675.2   110750
read      213.2    67.8    68.9   120.8   140.9   216.0   232.8   242.3   249.0   256.2   267.9   284.9   321.9   766.0  2760.6   8203.4     8231
read      231.5    87.8    68.9   115.9   127.8   225.1   273.6   295.3   309.6   324.7   343.3   370.8   427.3   534.6  1822.3  63462.8    63638
read      225.7    98.0    68.9   115.0   126.4   208.7   260.4   287.4   305.1   323.9   346.0   378.9   442.7   583.3  2340.4  90011.0    90167
read      235.5    93.2    63.8   118.4   131.1   235.2   277.0   295.4   308.0   321.0   338.8   364.3   416.2   548.5  2498.5  50708.4    50555
read      225.1    60.9    74.4   127.5   146.0   229.0   249.6   260.4   267.9   275.3   288.4   306.2   344.2   705.9  1496.2  16032.6    15997
read      235.5    88.7    68.9   120.1   133.4   238.7   274.8   291.4   302.7   315.3   331.8   355.6   402.3   491.4  2696.0  42971.2    43089
read      222.5    75.3    74.4   126.4   146.8   225.0   243.9   253.7   261.7   270.2   281.6   298.4   340.7   746.3  3208.9  12194.6    12188
read      227.5    98.1    63.8   114.5   125.8   214.2   266.1   291.0   307.2   324.3   345.2   375.1   435.7   584.4  2654.7  76473.2    76615
read      251.3   121.9    68.9   132.7   148.2   233.9   277.9   303.0   320.5   342.6   370.7   417.0   539.6   896.5  4094.3 143070.0   143480
read      231.8    98.9    68.9   115.9   127.7   224.1   273.0   295.1   309.9   325.8   344.8   373.2   431.5   550.9  3342.6  64021.4    63793
read      230.2    94.5    68.9   115.3   126.8   218.7   270.5   294.7   310.8   328.3   348.7   378.9   436.6   541.5  1941.7  72085.6    71996
read      236.7    81.9    63.8   120.7   134.4   240.4   275.8   292.1   303.3   315.8   332.2   356.2   404.5   505.9  2042.2  41801.0    41778
read      231.0    88.4    68.9   126.2   143.2   235.3   259.1   270.8   279.0   289.0   300.1   318.4   362.1   713.1  2540.0  21897.0    21860
read      236.3    89.4    68.9   119.8   132.8   238.8   276.9   294.2   306.2   318.7   335.8   360.2   404.5   498.2  1992.9  45490.4    45582
read      228.5    96.1    63.8   115.9   127.4   213.3   266.0   292.4   309.7   328.4   350.2   382.9   445.0   571.3  1437.6  82147.4    81972
read      239.8    84.6    68.9   120.5   134.0   243.4   280.6   297.5   309.6   321.9   339.3   364.6   416.5   522.0  1834.3  42956.2    42852
read      233.4   107.4    63.8   117.9   130.1   232.6   275.2   293.7   306.3   319.3   337.0   362.4   409.3   504.4  2460.3  51995.2    51852
read      225.7    97.6    68.9   118.1   129.8   207.4   254.8   282.1   300.6   321.0   345.7   381.2   454.3   648.1  2696.6 109231.2   109368
read      232.7    84.9    63.8   116.8   129.0   230.4   275.0   294.5   307.8   321.4   339.7   365.9   417.6   526.1  1498.8  55750.2    55794
read      235.7   102.9    68.9   121.9   136.1   241.0   271.9   286.6   296.1   308.2   320.8   343.1   389.4   523.2  2494.1  35545.6    35534
read      224.7   101.9    68.9   115.0   126.2   207.3   258.8   285.8   303.5   322.0   344.6   376.5   441.6   614.0  3555.9  90400.2    90576
read      224.2    95.7    63.8   115.4   126.8   206.6   257.3   284.5   302.6   321.8   345.1   378.3   443.1   582.4  2236.0  95052.0    95085
read      226.2   102.0    74.4   116.6   128.4   207.7   257.4   285.1   303.9   324.0   347.8   383.2   455.3   617.4  2827.7 100421.6   100029
read      228.3    94.6    63.8   115.0   126.3   216.5   268.8   293.0   308.8   325.8   345.7   374.4   432.6   541.5  1016.7  72462.2    72551
read      226.2    94.9    74.4   115.0   126.3   210.2   262.7   289.2   306.6   325.2   346.7   378.6   440.9   555.3  1700.4  84832.4    84629
read      228.2    98.8    68.9   114.6   125.8   215.3   267.8   292.5   308.6   325.9   346.3   377.2   436.3   546.2  3041.4  74342.4    74136
read      234.3   105.2    68.9   124.3   138.0   216.9   260.8   286.1   304.2   325.0   351.1   391.6   483.4   780.3  3137.8 130667.2   130756
read      230.7    98.0    68.9   115.5   126.9   220.6   271.7   295.1   310.5   327.3   346.7   374.9   434.1   545.5  2693.2  69929.2    69916
read      229.2    93.0    63.8   114.9   126.4   218.0   269.8   293.8   309.7   326.8   346.3   375.3   433.5   544.5  2036.8  71998.6    72019
read      228.1    98.1    68.9   114.8   126.0   213.6   266.6   292.0   308.6   326.3   347.0   378.5   439.4   602.6  2603.5  78118.8    78070
read      225.5    92.1    74.4   116.3   127.8   207.3   257.2   285.0   303.7   323.5   347.1   382.7   455.9   638.5  1489.4  99677.0    99548
read      242.4   101.6    63.8   121.5   136.1   243.6   276.5   292.8   304.3   317.0   334.7   362.1   436.5  1249.5  3124.7  36488.4    36393
read      326.1   150.5    80.4   160.5   181.8   294.5   357.5   399.8   433.1   471.8   519.7   585.5   704.6   914.1  3922.8 172594.4   172591
read      214.0    81.4    74.4   122.7   139.5   216.4   234.4   244.8   251.5   260.2   271.1   289.1   332.8   772.0  4020.8   8336.8     8325
read      229.2    90.4    68.9   115.4   126.7   217.2   269.5   294.0   310.0   327.4   347.5   377.5   436.7   536.2  1259.2  73538.8    73684
read      239.4   101.6    63.8   119.6   132.5   240.6   281.3   299.4   311.8   325.4   342.2   368.1   423.3   541.7  2864.8  48308.4    48420
read      217.6    88.4    74.4   122.6   140.8   218.7   235.9   246.6   253.3   262.7   272.9   292.3   344.1  1002.2  2749.4   6844.2     6828
read      233.4    98.3    74.4   122.9   136.1   215.7   261.3   287.5   306.0   327.1   353.3   392.1   477.8   783.9  1642.2 118826.4   118747
read      210.5    75.5    68.9   120.4   138.8   212.5   229.8   238.8   246.1   253.5   264.8   279.7   320.3   776.3  2109.3   7109.8     7123
read      358.7   153.3    74.4   182.2   209.0   330.4   392.7   433.3   464.8   502.2   548.5   618.3   751.0   958.9  3898.9 175189.4   175577
read      293.8   124.9    74.4   145.7   165.1   272.1   321.4   352.3   376.5   408.1   453.4   525.4   660.3   862.8  2126.5 147595.4   147498
read      234.5    85.4    59.1   122.0   135.8   238.7   270.4   285.8   295.9   308.7   322.7   345.5   395.7   496.7  2488.6  35689.4    35814
read      233.9   109.0    68.9   117.7   129.4   229.0   275.8   296.7   310.5   325.4   343.7   370.6   425.0   505.8  3614.9  59554.6    59488
read      336.8   154.1    74.4   163.6   186.8   306.8   370.1   413.1   447.1   487.2   535.3   601.4   724.5   890.3  3422.5 167695.6   167483
read      230.9   108.8    59.1   117.8   129.7   215.6   264.8   290.6   308.0   327.1   350.1   385.2   459.0   637.8  3629.2  89061.2    88988
read      217.0    67.6    68.9   124.4   143.6   219.4   236.8   247.2   253.8   263.2   273.4   292.0   337.1   766.6  3512.0   9847.8     9869
read      226.9   110.0    74.4   118.8   130.6   208.3   255.1   282.4   301.1   321.6   346.4   384.0   460.6   686.3  3243.2 111572.4   111786
read      224.5    95.1    63.8   115.5   126.9   206.9   257.5   285.0   303.2   322.4   345.5   378.3   443.5   591.6  2235.4  92717.2    92736
read      364.9   143.4    80.4   191.7   219.8   336.4   396.7   436.7   468.1   505.4   552.0   623.3   756.5   975.6  3171.6 178710.8   178657
read      238.4   115.1    74.4   120.6   133.8   221.0   269.2   295.3   313.7   334.8   361.5   401.8   515.5   804.2  3283.2 108843.0   108877
read      223.8    88.7    68.9   125.1   141.9   226.8   247.9   259.1   267.2   275.3   288.9   307.9   347.3   739.4  4187.5  19153.0    19091
read      229.7    88.0    68.9   115.8   127.3   221.5   270.9   293.2   307.9   323.5   342.9   371.0   429.3   549.1  1795.5  65652.2    65772
read      226.8    94.4    68.9   115.3   126.4   212.6   264.5   290.0   306.7   324.2   344.9   375.2   436.5   558.2  2624.0  78974.8    79060
read      225.4   104.9    68.9   116.8   128.4   207.0   256.6   284.2   303.0   323.2   346.7   381.4   449.4   617.4  2376.7  99970.6    99953
read      229.5    66.4    68.9   125.1   140.9   234.4   259.1   271.2   280.1   290.6   303.6   321.2   367.0   471.1  1374.6  24225.8    24354
read      250.7   102.3    74.4   133.1   148.7   234.7   278.6   303.6   320.9   342.6   370.2   413.9   523.7   818.1  1766.1 144014.4   144236
read      321.4   156.0    74.4   154.9   176.1   291.1   355.1   397.2   429.6   467.1   512.2   577.0   696.4   901.2  4022.0 167943.6   168093
read      226.4    75.0    74.4   124.0   140.0   229.8   254.0   266.7   274.8   286.1   297.8   318.4   365.4   697.7  2569.9  21960.0    22028
read      227.3    96.1    68.9   115.1   126.2   213.4   265.7   290.8   307.3   324.9   345.7   377.0   436.8   551.3  2106.7  77425.2    77499
read      234.6   118.2    68.9   124.3   137.9   216.7   260.8   286.6   305.1   326.1   352.6   392.5   484.8   796.5  2638.1 128263.4   128271
read      233.4    95.2    68.9   124.0   137.4   216.0   260.7   286.3   304.6   325.5   351.9   391.8   481.8   748.6  1798.5 126777.2   126673
read      234.2    94.0    68.9   120.1   132.8   237.2   273.8   290.6   301.9   314.6   330.6   353.1   399.4   506.4  3065.3  43760.6    43605
read      224.5    95.7    74.4   116.6   128.2   206.0   254.8   282.5   301.2   321.1   345.2   379.6   450.4   635.6  2712.9 103133.6   103217
read      224.2    95.8    63.8   115.3   126.6   206.3   256.9   284.4   302.7   322.2   345.6   379.0   443.9   577.7  2314.4  93667.4    93706
read      226.7    65.1    74.4   124.3   140.0   231.1   255.0   267.3   275.0   286.1   297.3   318.0   364.3   612.4  1205.1  23298.0    23247
read      226.9    90.7    74.4   115.2   126.4   213.1   265.1   290.6   307.1   324.7   345.4   374.7   434.4   577.8  1729.6  77094.2    77378
read      213.1    64.6    63.8   123.2   142.4   215.0   232.8   242.9   250.0   258.2   269.4   287.2   326.0   768.5  1973.3  10526.8    10495
read      236.0    98.6    74.4   125.9   139.7   219.1   262.4   287.5   305.6   326.5   353.3   394.1   492.2   745.5  2006.2 134467.4   134841
read      226.4    98.3    74.4   120.1   132.5   208.1   252.9   279.3   297.7   318.6   343.9   380.7   459.1   693.1  3006.3 120530.2   120602
read      232.0    85.8    68.9   121.2   134.4   236.5   268.1   283.1   293.1   305.2   318.9   342.0   390.1   481.4  2192.9  37007.0    36975
read      251.9   107.1    74.4   134.5   150.2   235.2   278.2   302.8   320.2   342.2   370.4   415.8   534.5   896.4  2540.8 151262.2   151323
read      220.5    95.6    74.4   115.3   126.6   201.5   249.2   276.7   295.4   315.9   340.2   373.6   448.3   611.5  1583.2 105378.2   105217
read      220.8    91.8    74.4   117.0   128.4   201.9   248.3   275.1   294.3   315.2   339.8   373.7   446.4   595.4  1666.5 110799.0   110653
read      225.3   101.9    68.9   120.6   132.8   206.5   249.7   275.3   294.2   315.7   341.8   380.4   465.2   727.3  2632.1 127475.0   127593
read      216.9   106.4    74.4   113.6   124.1   197.7   245.9   273.1   291.4   311.2   334.3   367.0   433.1   587.0  3518.6 101003.6   101096
read      264.3   112.5    74.4   140.3   156.8   246.7   290.8   316.3   335.7   359.3   391.0   441.4   567.9   872.8  3059.3 158768.0   158958
read      238.7   107.4    68.9   128.3   142.0   221.6   264.3   289.1   307.2   328.1   355.0   395.8   495.9   842.0  2344.2 136506.0   136541
read      310.8   145.9    74.4   155.0   175.7   286.8   341.3   374.5   400.7   433.1   476.1   544.0   686.2   988.0  4144.6 165032.8   164999
read      307.9   131.4    63.8   153.6   174.3   283.7   337.0   370.0   396.1   429.2   473.9   546.8   693.3   947.9  2194.8 164968.0   164911
read      226.7    95.1    74.4   116.7   128.2   210.2   260.4   287.1   305.0   324.2   346.5   379.9   447.9   589.2  2991.8  88034.4    87904
read      342.0   160.4    68.9   170.5   194.5   312.9   373.1   413.2   444.2   481.9   530.7   600.5   743.0  1007.4  5893.9 169198.0   169356
read      230.6    90.1    74.4   117.6   129.5   220.5   269.6   292.9   308.2   324.6   344.4   373.6   431.9   532.9  1939.8  67716.6    67870
read      345.0   141.5    80.4   171.6   195.5   316.3   380.7   422.8   454.6   492.2   538.5   605.0   735.3   928.3  2411.7 167728.0   167602
read      348.6   157.4    80.4   179.8   205.2   320.1   379.2   418.3   448.3   484.7   531.6   599.4   744.4  1017.2  4005.3 170156.8   170450
read      226.1    88.9    74.4   115.9   127.2   214.5   263.5   287.0   302.5   318.9   339.4   368.8   432.1   588.5  2006.9  72792.2    72942
read      220.3    72.3    74.4   128.3   146.1   222.8   242.6   253.0   261.1   270.0   281.6   297.8   340.9   699.8  1193.2  13899.8    13873
read      236.4   107.1    74.4   121.6   134.8   236.9   275.0   292.8   304.9   317.5   334.7   359.5   406.5   508.3  2846.0  45323.8    45295
read      310.2   136.3    74.4   154.8   175.2   286.8   342.3   376.2   402.1   434.1   475.9   541.6   676.7   973.1  3250.8 157689.2   157697
read      233.0   100.8    80.4   123.3   136.5   215.6   260.5   286.5   304.9   325.9   352.1   390.9   471.5   697.9  2483.7 117183.2   117232
read      228.0    95.0    74.4   119.2   131.1   210.5   258.4   285.8   304.3   324.5   348.6   384.4   456.2   620.6  2046.8 101138.4   101152
read      234.9    99.8    74.4   120.0   132.6   232.9   274.4   293.5   306.4   319.9   338.1   364.2   415.4   503.0  2849.9  50307.2    50333
read      251.7   107.4    74.4   133.3   148.5   234.1   278.9   304.6   322.5   344.4   372.4   417.9   539.8   874.0  2651.1 136548.6   136447
read      323.8   150.6    74.4   161.5   183.6   299.0   355.3   390.3   417.2   451.0   495.5   565.8   711.9  1007.6  5109.6 158307.8   158298
read      235.2   101.8    74.4   118.5   130.3   223.7   274.9   299.0   314.9   332.8   354.2   386.3   451.1   578.2  2755.7  69198.2    69328
read      355.5   147.7    80.4   174.3   199.5   327.1   391.0   432.0   464.4   503.8   553.4   628.3   774.1  1016.1  2515.9 164408.0   164566
read      235.0    98.0    74.4   119.3   131.2   223.1   273.7   298.0   314.0   332.0   353.5   385.7   449.9   615.9  2185.5  70875.0    70740
read      231.2   102.2    74.4   121.2   133.8   213.7   260.5   287.2   305.9   326.5   351.1   387.5   462.9   672.5  3266.8 106785.0   106915
read      246.8   104.6    74.4   130.7   145.1   229.7   274.5   300.3   318.7   340.5   367.8   408.0   513.2   830.3  2903.7 126496.4   126425
read      226.9   102.5    68.9   116.1   127.3   212.0   263.9   289.6   306.3   324.1   345.3   375.3   435.3   560.6  2922.9  79038.6    79083
read      266.8   120.6    80.4   139.9   156.5   249.5   294.6   320.2   339.7   363.1   393.6   443.4   582.3   923.1  3469.3 143494.6   143445
read      342.5   147.1    74.4   167.4   191.4   313.6   375.4   417.2   449.2   488.3   537.8   610.9   749.3   965.2  2142.4 165259.4   165502
read      236.3    94.2    63.8   122.3   135.9   237.1   273.2   290.5   302.3   315.4   332.4   357.4   406.0   551.6  2720.8  40858.2    40820
read      235.5    68.2    68.9   128.1   143.7   239.5   266.3   279.8   289.4   299.7   314.3   336.1   381.2   521.4  1319.9  25169.4    25097
read      235.0    70.3    68.9   126.9   142.6   239.5   266.7   280.0   289.3   299.3   313.8   335.7   382.2   532.0  1541.5  26812.0    26808
read      230.5   108.6    74.4   116.9   128.4   217.6   268.4   292.7   308.7   326.0   346.1   375.9   435.7   594.3  3656.0  72898.0    72990
read      230.4   123.0    68.9   121.5   134.1   212.9   258.5   284.8   303.2   323.8   349.0   386.5   462.2   643.3  3441.1 113918.4   113963
read      230.3    95.1    74.4   119.9   131.9   213.1   262.0   289.3   307.9   328.1   352.5   388.2   460.1   628.6  1621.7  97552.8    97475
read      232.8    72.1    63.8   130.0   148.5   236.0   259.1   270.6   278.9   289.2   301.1   319.6   366.9   750.6  2458.5  18773.8    18649
read      284.9   121.9    74.4   147.9   166.1   266.4   313.8   341.3   362.4   387.9   422.3   480.3   624.6   994.3  2913.4 150442.2   150293
read      235.6    97.0    74.4   125.0   138.4   218.8   263.8   289.7   308.1   328.9   354.7   392.7   473.5   734.8  2242.8 119555.6   119407
read      230.7   105.5    63.8   117.6   129.1   215.5   267.5   293.7   310.8   329.3   351.1   383.6   445.8   581.7  3110.6  80063.0    79895
read      253.6   117.3    74.4   135.0   150.4   237.3   281.0   305.8   323.3   344.4   371.7   415.1   531.8   944.3  3453.4 137445.2   137569
read      233.5   108.0    74.4   122.4   135.3   215.6   262.1   288.8   307.5   328.5   354.1   391.6   469.8   793.8  2816.5 109796.4   109784
read      234.2    83.0    74.4   119.7   132.0   231.9   275.5   294.6   307.8   321.3   339.6   365.8   417.1   508.1  1475.3  52330.2    52195
read      231.6    96.2    74.4   119.8   132.2   214.4   263.3   290.6   309.2   329.6   354.1   389.6   461.5   642.8  2791.0  96976.8    97072
read      232.5   101.0    74.4   118.3   130.0   219.3   270.5   295.6   312.2   330.4   352.0   383.8   446.3   567.3  1822.9  75030.8    75134
read      229.3   107.4    59.1   118.9   130.8   211.6   260.4   287.8   306.3   326.5   350.6   385.9   455.4   609.5  3909.7  96880.2    96879
read      313.8   136.1    80.4   157.2   178.4   290.5   345.1   379.2   404.9   437.7   481.3   546.4   680.8   939.6  3044.3 160962.4   160599
read      226.6    96.8    68.9   115.5   126.5   215.1   265.7   289.5   305.1   321.2   341.8   370.5   427.5   524.1  2116.2  71182.0    71249
read      231.5    96.5    74.4   117.7   129.3   216.9   268.4   294.4   311.5   330.3   352.8   386.3   452.1   577.9  2247.1  78769.8    78672
read      234.4    91.9    68.9   118.5   130.3   225.1   275.2   298.6   313.8   330.7   350.2   379.8   435.9   540.8  1742.9  66360.4    66141
read      314.1   141.2    80.4   155.6   176.7   290.5   347.6   382.9   409.2   441.3   483.5   546.6   681.4   899.8  3571.6 157103.4   157119
read      238.4    96.1    68.9   125.6   140.2   241.1   272.4   287.8   297.7   310.6   324.9   346.8   398.9   559.8  3733.4  32524.2    32402
read      240.1    99.4    74.4   127.7   141.1   223.4   268.0   293.3   311.6   332.7   359.4   398.7   494.6   801.7  2630.8 120930.4   120835
read      230.2    95.8    68.9   119.9   132.1   212.5   260.4   287.6   306.4   327.0   351.7   388.4   463.2   672.3  1835.8 101586.2   101524
read      370.8   153.7    86.8   195.1   222.9   341.1   403.5   444.5   474.7   510.9   557.6   629.4   795.5  1130.7  3159.9 177430.8   177702
read      334.6   144.1    68.9   161.0   183.4   306.6   368.8   408.0   439.1   477.2   527.6   602.6   748.0   998.9  2020.2 155055.0   154983
read      374.8   148.3    80.4   198.8   226.3   343.9   407.4   449.2   480.0   516.3   563.4   636.0   810.4  1094.0  3185.4 175817.6   175537
read      356.9   156.7    80.4   185.3   213.0   327.0   385.6   425.1   456.2   493.7   541.1   615.4   786.8  1063.2  4372.5 177808.2   177715
read      225.4    75.1    68.9   124.1   138.2   225.9   254.8   269.2   279.0   290.9   306.2   329.8   389.3   576.1  1884.9  26043.2    26001
read      325.4   138.7    68.9   160.4   182.1   299.5   359.4   396.6   425.7   460.9   505.9   575.2   713.2   937.2  2777.7 159640.4   159885
read      267.0   114.3    68.9   138.7   155.1   249.1   295.3   321.3   341.4   365.4   396.9   450.2   589.4   884.0  2835.9 143813.4   144266
read      259.8   113.6    68.9   136.2   152.1   241.1   286.4   312.4   331.4   354.3   385.0   434.7   587.7   939.8  2345.3 142424.8   142386
read      237.7    94.1    74.4   123.3   136.9   240.5   275.1   291.6   302.9   315.2   331.2   354.4   401.8   502.9  2417.6  39598.8    39646
read      234.2   123.5    74.4   118.6   130.5   225.2   274.3   296.8   311.8   328.3   347.6   376.8   433.8   541.1  1698.1  63487.6    63535
read      231.9    95.7    74.4   122.0   134.9   214.9   261.3   287.6   306.0   326.7   351.8   389.0   463.6   658.7  2612.8 111639.0   111750
read      374.5   156.6    80.4   195.7   224.0   346.3   409.4   450.2   480.1   516.0   561.3   630.7   786.9  1093.4  3789.7 178173.8   178544
read      299.0   125.3    80.4   149.3   169.4   278.4   328.9   359.5   382.5   411.5   452.4   519.5   681.4  1004.6  1995.2 143518.2   143598
read      226.7    99.7    68.9   121.1   133.5   208.8   252.3   278.0   296.4   317.3   342.5   379.1   460.2   718.9  2581.5 123558.4   123314
read      231.2    89.8    68.9   122.3   135.2   214.4   259.8   285.9   304.3   325.0   350.0   387.9   465.3   690.5  1213.0 116902.4   116900
read      231.3   109.5    74.4   121.2   133.9   213.1   259.1   285.8   304.5   325.2   350.3   388.0   466.4   781.7  3891.5 111529.8   111580
read      237.9   100.4    68.9   127.0   140.6   221.3   265.1   290.2   308.4   329.4   356.1   395.5   484.8   787.2  2012.9 128988.8   129042
read      240.5   115.4    74.4   128.1   141.9   223.2   267.1   292.1   310.3   331.5   358.3   398.2   499.0   905.5  3031.4 129799.4   129909
read      360.3   137.6    74.4   181.8   210.4   335.9   398.2   437.8   467.7   502.3   544.8   609.5   735.6   943.2  1922.7 176311.0   176569
read      224.3    77.9    80.4   126.9   142.3   226.0   249.3   261.5   269.9   279.9   293.1   314.3   365.4   788.3  2604.8  18583.6    18561
read      228.1    90.7    68.9   116.8   128.4   212.9   264.3   290.6   307.8   326.4   348.2   380.8   442.5   559.5  1685.9  83190.8    82982
read      233.7   109.3    68.9   119.2   131.2   230.7   273.9   293.3   306.4   320.1   338.7   365.4   421.7   551.0  1816.5  52980.8    53156
read      248.9   102.3    68.9   133.6   148.9   232.8   275.5   299.8   317.5   339.0   366.3   407.4   519.1   872.6  1737.8 140916.8   141177
read      232.4   100.6    74.4   127.5   142.6   234.6   260.9   273.6   283.3   293.5   307.8   328.4   372.7   736.3  4478.3  24618.4    24545
read      223.1    63.2    63.8   126.5   143.1   226.2   247.9   259.3   267.5   275.9   289.4   308.7   348.9   685.5  1613.5  18111.6    18002
read      235.5   105.3    74.4   126.1   139.5   218.7   261.9   286.8   304.7   325.3   351.2   391.3   478.4   783.2  2718.2 131607.8   131807
read      234.8    81.1    68.9   120.7   133.7   236.3   273.5   290.8   302.5   315.6   332.6   357.4   404.5   498.1  1958.6  43110.8    43050
read      234.3   102.6    54.7   119.7   132.2   231.5   273.4   292.3   305.2   319.1   337.5   364.0   416.0   548.1  3714.3  51197.8    51137
read      332.3   142.8    80.4   164.8   187.9   306.0   366.8   404.9   434.9   470.2   514.9   581.0   710.8   942.3  3197.6 163494.6   163650
read      232.7    91.9    59.1   118.5   129.9   224.0   273.4   296.2   311.2   327.5   346.3   374.1   430.7   529.0  2037.1  65959.6    66060
read      236.0    89.6    74.4   129.3   146.2   239.8   264.4   276.3   285.8   295.3   309.4   329.0   372.3   732.4  3460.4  22234.8    22129
read      230.2    79.7    63.8   129.5   147.3   233.0   255.7   267.6   275.1   285.8   296.6   316.8   360.8   670.8  3634.1  18865.0    18840
read      238.1    86.3    63.8   121.8   134.9   238.2   279.2   297.3   310.0   323.3   340.8   366.9   418.7   503.5  1441.4  48011.4    47897
read      249.9   107.2    74.4   133.5   148.4   233.4   277.7   302.7   320.2   341.3   368.1   408.5   510.3   946.7  3034.8 132726.8   132763
read      231.5    72.9    74.4   128.5   144.2   235.2   259.9   272.1   281.2   291.5   304.8   323.5   370.2   492.7  2655.9  23122.4    23044
read      318.2   149.7    80.4   156.6   177.1   291.1   354.2   393.3   422.2   455.9   498.0   559.6   680.3   886.2  3861.8 171912.2   171915
read      229.0    78.7    80.4   128.9   145.5   231.6   255.1   267.5   275.2   286.4   298.0   318.3   363.0   750.4  2326.1  19382.0    19334
read      237.9   104.2    74.4   127.9   141.2   220.9   265.1   290.5   308.7   329.5   355.7   394.5   478.5   776.7  2502.4 125337.4   125579
read      235.7    78.9    68.9   124.5   138.6   239.8   271.1   286.2   295.9   308.5   321.7   344.1   393.7   491.5  2132.3  34485.2    34383
read      311.1   138.5    80.4   155.3   176.1   288.0   343.4   377.5   403.0   435.0   477.1   541.7   668.6   899.7  3966.1 159095.4   159031
read      244.0   103.8    68.9   130.4   144.7   227.4   270.9   295.7   313.9   335.0   361.9   401.6   504.4   843.3  2778.8 134334.2   134136
read      333.0   145.5    74.4   165.3   188.2   305.6   367.5   406.4   436.5   472.3   518.0   584.0   714.2   936.2  3641.8 164098.6   164266
read      227.5    96.1    68.9   118.9   130.6   210.5   258.7   285.6   304.0   323.9   347.3   382.5   451.0   609.0  1789.7  99163.0    99195
read      237.2    88.7    74.4   122.3   135.1   234.9   277.1   296.1   309.4   323.4   341.3   367.8   422.2   511.0  2431.3  51415.2    51531
read      261.3   103.1    74.4   139.6   155.9   245.5   289.5   314.4   332.8   354.7   383.4   429.3   545.2   933.8  1608.7 146869.2   146794
read      224.0   106.8    63.8   118.4   129.9   204.4   251.5   278.5   297.1   318.2   342.9   378.3   453.6   665.2  3607.2 108655.4   108372
read      221.3    94.4    68.9   117.3   128.6   202.2   248.6   275.7   295.0   315.7   340.2   374.1   446.0   615.6  1924.0 107981.6   107914
read      217.8    95.3    63.8   116.3   127.4   198.6   243.7   270.8   289.9   310.9   335.5   369.4   435.6   588.6  2915.0 111611.6   111421
read      219.6    84.3    68.9   113.8   124.0   206.6   257.5   281.5   296.8   313.7   333.5   361.3   413.8   500.7  1416.4  74911.0    75121
read      224.9    85.7    63.8   117.1   128.2   223.1   263.8   282.1   294.0   307.8   323.2   346.9   398.7   491.7  2318.4  52562.6    52675
read      218.1    90.6    74.4   117.8   128.9   198.9   242.3   268.9   287.8   309.0   334.2   369.7   443.1   651.3  2706.7 120545.6   120632
read      192.8    83.8    63.8   114.1   128.6   193.4   208.6   216.3   222.3   229.5   237.3   253.0   293.6   795.3  3858.6   7412.2     7372
read      237.3   100.0    74.4   130.4   144.3   220.9   260.6   283.9   300.9   321.0   347.5   389.9   494.2   852.9  2421.0 152094.4   152583
read      215.8    95.7    68.9   114.1   124.3   196.4   244.3   271.7   290.4   310.4   333.6   365.8   428.6   581.6  2722.6 101306.8   101484
read      217.1    70.2    68.9   122.3   136.1   221.7   243.9   254.9   263.5   272.2   284.7   301.8   341.6   489.2  1887.0  23973.0    23959
read      231.6   105.3    63.8   127.5   140.6   214.7   254.1   277.9   295.3   316.1   342.4   383.1   475.0   776.9  3012.4 146199.0   146209
read      218.5    83.9    63.8   113.5   123.4   205.3   256.3   280.0   294.9   311.5   331.2   360.0   415.8   508.1  1014.8  74991.6    75099
read      222.7    85.0    63.8   118.8   130.4   225.5   258.1   272.7   283.3   294.4   309.6   331.1   374.0   496.9  1756.1  39859.4    39946
read      223.1    74.2    63.8   119.4   131.2   226.3   258.4   273.1   283.6   294.6   309.8   331.6   374.3   461.2  2027.4  38745.0    38762
read      216.7    91.1    59.1   113.9   124.0   198.7   248.3   274.8   292.7   311.8   334.2   365.4   425.7   545.7  1767.8  92455.8    92506
read      287.4   112.3    74.4   149.9   168.3   269.5   319.8   349.0   370.9   397.0   430.6   482.6   587.8   787.5  2604.5 169820.2   169919
read      218.8    96.0    63.8   113.8   124.1   201.3   251.5   278.0   295.4   314.0   336.0   367.0   428.2   570.6  3102.7  88491.0    88331
read      303.5   121.2    68.9   156.2   176.2   283.9   338.6   370.6   394.4   422.4   458.2   510.5   624.0   834.8  2554.2 172612.4   172554
read      217.4   104.0    68.9   114.2   124.5   199.1   247.9   274.7   292.7   312.0   334.5   365.8   428.4   566.4  2432.3  94430.8    94380
read      248.0    96.8    68.9   135.9   151.1   232.6   272.9   295.9   313.2   333.9   361.2   402.7   518.2   853.1  1585.6 157130.4   157069
read      221.4    90.6    63.8   114.7   125.1   213.3   260.0   281.0   294.5   309.7   327.4   354.0   404.6   504.2  2272.5  64079.0    64426
read      220.7    72.2    59.1   122.0   135.4   224.9   249.7   262.4   270.7   280.9   293.5   314.1   358.5   535.6  2806.4  27043.2    27114
read      255.1   107.9    74.4   135.6   151.1   237.7   281.7   306.9   325.1   346.6   375.7   423.3   549.0   928.4  2538.0 146978.0   146723
read      239.8    93.0    74.4   128.3   141.8   223.4   267.6   292.8   311.1   332.2   358.9   398.4   493.5   745.1  1459.1 129490.4   129322
