Timestamp start: 1746375594335
Timestamp end: 1746377394623

#type       avg     std     min      p5     p10     p50     p67     p75     p80     p85     p90     p95     p99    p999   p9999      QPS   target
read      205.6    80.1    63.8   115.6   136.6   207.5   224.4   232.7   239.1   247.4   256.4   272.5   313.6   880.0  3149.7   8067.6     8195
read      281.0   189.8    68.9   142.0   159.3   254.1   300.3   327.0   346.9   372.5   408.1   472.6   699.4  2447.2  7211.1 158778.8   158594
read      300.0   213.6    80.4   148.9   167.4   270.8   320.4   350.5   373.3   402.0   442.0   506.7   672.6  3368.0  7392.7 150003.6   149766
read      221.2   129.0    68.9   112.8   131.6   216.4   236.0   248.0   255.9   267.2   280.9   304.4   449.4  1999.0  4332.0  10401.2    10382
read      440.1   360.6    86.8   197.2   224.7   378.1   440.5   474.0   499.8   532.5   582.2   808.0  1720.6  4614.1  7887.4 170342.4   170548
read      385.3   245.4    80.4   197.5   224.2   357.1   421.3   457.2   482.8   512.3   550.1   613.2   768.3  3787.4  8073.5 150626.2   150565
read      316.7   209.9    74.4   154.0   175.6   289.8   341.3   372.0   396.0   426.2   467.9   541.6   716.8  3148.8  7206.4 136821.0   137144
read      251.7   144.9    74.4   132.6   147.7   231.2   273.9   298.5   316.5   338.3   366.5   410.4   545.2  1792.8  4863.2 143597.4   143496
read      267.6   176.4    68.9   136.0   151.9   242.9   289.2   315.4   334.9   358.5   389.9   441.4   624.0  2581.2  6241.3 144797.2   144743
read      237.6   139.3    68.9   120.5   133.0   211.9   259.3   286.9   306.8   329.8   358.6   401.2   594.5  1853.0  3298.2 116851.4   116745
read      245.4   161.6    63.8   124.8   138.4   219.0   264.7   291.2   310.5   333.0   362.0   405.5   594.0  2337.6  4063.2 129284.2   129314
read      304.5   317.6    68.9   137.1   153.6   255.3   305.8   336.7   361.3   393.1   439.7   527.7  1379.2  3766.0  7774.6 144522.8   144723
read      228.3   117.4    63.8   119.3   131.2   206.3   252.6   280.2   299.8   322.0   349.9   390.4   471.5  1301.4  3614.1 117269.2   117379
read      233.3   127.0    63.8   120.8   133.3   210.3   255.9   283.0   302.6   324.9   352.9   394.7   503.2  1557.5  3892.1 120082.6   119931
read      242.4   146.8    68.9   126.4   139.9   219.8   265.1   291.4   310.6   333.0   361.8   404.2   531.3  1665.6  5796.0 132195.0   132052
read      266.6   134.2    74.4   134.7   150.6   243.9   293.5   321.5   343.1   369.0   403.4   463.5   601.3  1342.3  4295.7 143359.0   143350
read      252.2   133.4    74.4   133.0   148.2   233.2   277.3   302.8   320.8   343.1   371.6   417.7   531.1  1350.7  4373.4 143434.0   143518
read      335.6   187.1    68.9   158.1   180.0   299.1   365.7   411.1   446.8   488.2   537.4   606.5   738.8  2421.5  5348.6 172829.4   172981
read      233.1   108.6    63.8   117.7   129.8   213.8   264.0   291.8   310.9   332.4   359.1   397.7   490.0   977.5  3112.1  94053.2    94027
read      342.8   173.7    74.4   159.3   181.6   305.9   376.0   426.5   464.4   505.9   554.0   623.2   747.7  1824.4  4085.3 169734.0   170019
read      374.6   161.2    86.8   190.8   218.7   367.6   425.4   454.9   474.7   499.4   531.2   580.3   687.7  1597.5  5104.0 179038.0   179090
read      237.0   123.7    63.8   119.6   131.8   228.4   271.0   291.8   306.4   322.1   343.6   376.6   478.0  1296.2  4799.5  47204.8    47130
read      246.3   109.6    63.8   118.4   134.4   243.8   276.6   294.8   308.2   322.5   342.1   371.3   448.8  1186.7  2972.6  19457.0    19439
read      340.3   335.9    68.9   134.1   151.0   262.2   319.9   354.6   382.3   421.0   491.1   768.2  1700.5  3473.9  7334.4 129102.6   128963
read      253.2   127.3    68.9   120.1   134.6   248.1   285.1   305.6   319.8   337.5   359.7   394.2   496.3  1471.6  3791.3  23858.8    23787
read      246.6   149.9    68.9   115.4   126.7   229.7   281.9   307.7   325.2   345.5   372.4   417.8   552.3  2141.1  4011.1  62006.2    61848
read      232.2   123.7    68.9   118.6   130.3   209.6   258.9   287.7   308.1   331.0   358.8   397.8   491.1  1342.8  3816.9 102057.0   101968
read      257.4   215.8    63.8   121.9   135.1   221.1   271.0   299.8   320.3   344.8   376.5   430.5  1031.6  2834.8  7224.8 108865.8   108767
read      233.1   114.5    68.9   118.1   129.8   211.0   261.8   290.9   311.3   334.3   362.1   400.9   501.2  1084.9  2605.7  96997.6    97139
read      341.2   158.7    80.4   161.3   183.6   305.4   373.5   426.0   465.4   506.8   552.7   616.9   736.5  1247.4  3439.0 158828.0   158594
read      293.5   148.4    80.4   143.4   161.7   268.9   323.8   357.7   383.6   415.8   458.2   522.1   639.5  1070.7  4296.5 141477.8   141240
read      260.8   135.5    68.9   119.8   132.3   253.1   297.8   321.4   339.4   360.7   388.4   430.7   549.2  1433.8  3816.4  41539.0    41405
read      244.6   105.1    63.8   118.4   130.0   233.9   285.5   310.4   327.3   346.0   370.6   409.8   520.8   843.7  1641.5  58100.0    57997
read      251.5   119.6    74.4   132.0   146.9   232.9   278.3   304.3   322.3   344.4   372.5   417.3   524.3  1341.9  3402.1 133599.8   133577
read      237.7   101.9    68.9   118.7   130.3   232.4   279.7   302.0   316.8   334.0   354.3   384.1   438.9   573.3  2571.2  53788.2    53832
read      256.5   122.0    74.4   137.0   152.1   239.5   283.9   309.1   327.0   348.3   376.6   421.1   523.6  1216.3  3428.1 139751.0   139832
read      374.4   160.6    80.4   189.1   216.6   346.6   417.7   461.6   492.8   527.8   569.4   627.2   739.4  1069.7  5145.5 170642.4   170515
read      295.6   149.8    68.9   140.5   158.3   267.6   323.9   360.1   388.7   424.7   471.5   539.2   666.7  1485.7  3729.2 128776.6   128494
read      242.0    91.1    68.9   120.9   135.8   242.4   272.8   289.7   301.7   316.1   334.8   363.0   427.1   815.5  3200.7  20789.8    20789
read      242.9   114.9    68.9   116.5   127.9   227.9   282.1   308.5   326.5   346.8   373.5   419.0   541.7   793.8  3498.9  63591.8    63647
read      233.3   100.4    63.8   116.8   128.0   221.0   273.1   298.0   314.6   333.0   354.9   387.0   451.5   731.9  2666.0  64757.6    64802
read      234.0    97.4    68.9   117.6   129.0   227.6   274.8   296.8   312.1   328.9   348.5   378.4   436.4   581.0  2366.0  55773.0    55719
read      381.0   161.0    80.4   197.1   224.7   358.2   424.5   463.5   492.0   524.6   564.5   623.3   737.5  1234.0  4019.4 173969.6   174179
read      252.1   125.1    68.9   125.0   138.9   229.7   280.8   310.2   331.3   356.5   389.4   440.4   569.4  1217.7  3401.6 106275.8   106356
read      360.0   143.7    80.4   190.8   217.3   340.8   398.9   433.5   459.4   489.6   527.5   583.2   690.1   936.1  4439.5 178560.6   178750
read      228.6   118.8    68.9   117.7   129.8   210.6   258.3   285.2   303.6   323.6   348.2   385.5   467.0   731.4  3995.3 106119.2   105831
read      252.1   209.8    68.9   119.2   131.5   213.9   264.6   294.2   315.8   341.1   374.3   444.4   923.3  2549.9  6809.6 110428.2   110667
read      212.8   118.3    68.9   110.6   128.7   207.6   226.6   236.1   244.9   253.8   267.5   289.5   543.2  1651.5  3671.0   8837.0     8803
read      286.7   287.3    68.9   116.4   128.6   255.1   307.3   335.7   355.6   378.0   406.1   458.0  1204.6  4292.2  7723.3  45732.0    45662
read      285.8   310.0    68.9   118.1   131.2   252.9   295.8   317.9   333.5   350.9   373.8   423.0  1571.7  4180.9  8014.4  30834.0    30867
read      291.3   310.4    63.8   117.4   129.7   256.0   309.1   337.2   356.9   379.6   408.0   460.1  1285.8  4512.6  7804.5  45523.4    45656
read      263.4   213.1    63.8   117.7   129.7   215.6   270.7   302.9   326.3   355.2   397.0   514.5  1245.2  2489.2  4577.7 100872.0   100938
read      240.1   158.0    63.8   124.2   138.0   216.7   260.8   286.7   305.4   327.0   354.4   395.4   506.1  2363.4  4640.0 132480.6   132360
read      231.3   103.2    68.9   114.8   126.2   218.3   271.4   296.3   313.0   331.4   353.1   385.5   450.9   614.0  1732.6  67480.2    67591
read      260.4   163.3    63.8   119.3   132.8   248.7   291.6   314.2   330.2   348.3   372.7   414.0   605.5  2088.5  5445.5  33830.6    33910
read      263.7   215.0    68.9   118.4   130.6   223.7   283.4   315.8   339.2   367.3   404.3   486.1   866.4  2991.1  6033.0  85681.6    85729
read      230.2    88.2    68.9   120.1   138.7   228.8   252.0   265.3   274.0   286.4   301.0   326.4   403.9  1182.9  2003.7  12877.0    12884
read      282.4   222.6    63.8   117.9   130.9   259.4   312.6   341.5   361.8   385.1   414.7   465.6   906.1  3160.4  7085.0  45317.6    45621
read      273.5   230.2    59.1   119.3   132.4   257.7   306.5   331.9   348.9   368.9   394.3   433.4   590.3  4043.9  7551.7  37130.4    36938
read      272.7   177.4    68.9   116.6   128.8   254.5   312.0   342.5   364.3   388.7   418.4   464.9   641.8  2398.2  4066.9  56838.8    56902
read      282.2   259.5    63.8   119.9   133.1   223.7   278.6   311.0   334.8   364.6   410.4   615.7  1459.5  3057.2  5390.6 102329.4   102243
read      229.3   111.1    63.8   119.2   136.9   228.4   252.5   265.9   274.6   287.3   302.2   325.6   390.9  1213.3  2989.9  14025.8    14085
read      252.2   181.3    68.9   117.0   129.2   216.7   272.9   304.3   326.4   352.5   388.7   460.6   749.2  2378.2  5162.7  93732.0    94103
read      232.1   103.7    68.9   115.4   126.4   224.8   273.7   295.8   310.6   326.6   345.5   373.7   435.1   694.9  3444.0  58168.4    58175
read      278.8   172.4    74.4   142.4   159.8   255.3   301.3   327.6   346.7   371.2   403.0   460.1   632.0  2383.0  5795.5 151444.2   151312
read      227.2   110.6    68.9   114.4   125.2   207.2   261.8   290.5   309.5   330.0   354.4   389.2   458.7   640.8  3058.7  83247.2    83333
read      324.8   155.9    74.4   164.3   186.5   299.9   357.6   393.4   420.3   451.9   491.1   546.9   672.9  1561.4  4921.3 164832.4   165153
read      234.2   119.4    74.4   122.8   135.7   213.1   257.4   283.8   302.7   324.7   352.8   394.6   499.2  1400.3  3231.6 124057.6   123975
read      248.5   109.6    68.9   120.1   133.9   246.1   282.9   302.0   315.4   331.6   351.4   383.0   467.5  1263.8  3073.6  28545.6    28449
read      232.1    91.7    68.9   118.4   134.8   230.8   257.5   271.8   282.4   294.2   311.0   337.0   413.6  1037.3  2757.5  14924.4    14903
read      259.9   169.2    68.9   119.2   132.3   251.8   293.4   314.8   329.7   345.7   367.2   399.3   527.3  2486.6  4910.7  31149.6    31189
read      270.0   196.7    63.8   118.1   130.8   254.8   303.8   329.5   346.7   366.9   391.7   429.7   676.0  2992.5  6173.0  40407.8    40636
read      251.8   174.6    68.9   116.7   128.4   221.2   280.0   311.4   333.3   359.0   392.6   451.4   643.8  2404.4  5381.7  80453.2    80574
read      367.8   296.9    74.4   169.4   194.6   319.6   380.8   419.9   449.7   485.5   533.0   612.9  1480.2  3526.4  7851.4 168855.8   168820
read      335.6   167.6    74.4   168.5   192.0   305.5   363.9   402.9   434.9   472.9   520.2   586.9   724.1  1502.6  5712.6 162364.4   162621
read      228.3   109.7    68.9   117.3   129.1   207.6   256.5   284.8   304.3   325.9   352.2   390.0   467.7   923.9  4018.4 101646.0   101621
read      234.3   105.9    68.9   116.8   128.2   227.3   276.8   299.0   313.6   329.9   348.8   376.9   434.4   616.1  2487.9  58662.0    58592
read      268.0   131.6    74.4   142.7   160.2   250.7   294.2   318.8   337.9   360.6   390.0   435.5   548.6  1516.5  4154.3 152953.8   153042
read      229.6   116.5    68.9   119.1   131.2   208.1   255.0   283.0   302.6   324.7   351.9   391.1   470.3  1277.0  3110.9 112414.0   112238
read      289.5   144.9    74.4   151.2   170.2   269.6   316.8   344.6   366.2   392.0   426.3   481.3   605.0  1493.9  3941.2 160526.8   160265
read      232.9    91.7    68.9   116.6   128.0   226.6   275.6   297.5   312.0   327.9   346.3   374.8   434.3   577.2  1175.4  57186.6    57109
read      232.9   124.2    68.9   116.1   127.6   210.1   264.0   292.8   312.1   333.7   360.1   398.6   506.1  1546.4  3345.7  88684.6    88551
read      212.0    92.8    68.9   111.1   128.7   213.1   231.8   242.2   249.8   258.7   270.9   291.0   353.4   937.0  3601.8   8409.6     8385
read      255.5   118.5    68.9   118.8   131.9   252.2   295.6   317.7   333.3   350.2   371.9   403.3   484.8  1343.7  3628.4  34057.0    34088
read      320.5   345.6    68.9   124.3   138.7   237.1   293.9   324.2   346.6   376.2   427.2  1075.0  1715.2  3382.9  7438.3 113686.2   113600
read      237.1   119.4    74.4   125.7   139.2   217.3   260.6   286.1   304.5   325.9   353.5   394.4   488.9  1529.6  2983.9 131902.2   131842
read      227.7   112.5    68.9   118.7   130.8   207.1   253.5   281.1   300.4   322.1   348.6   387.3   464.0  1105.9  3489.0 112079.6   112066
read      231.1   116.0    63.8   115.4   126.6   215.3   270.2   296.2   313.1   331.7   353.7   386.0   452.1   699.7  3876.9  72786.6    72585
read      237.9   130.4    74.4   126.2   139.8   217.9   261.0   286.7   305.3   326.7   354.2   394.7   485.7  1609.3  4909.9 133760.8   133669
read      219.0    71.5    68.9   114.9   133.2   220.9   241.9   253.3   262.4   272.3   286.2   307.1   364.9   908.1  2121.2  11858.0    11820
read      237.2   110.0    68.9   118.9   137.2   231.9   258.4   272.8   284.4   297.0   317.9   357.8   497.1  1315.1  3837.3  12662.0    12639
read      333.8   368.2    74.4   127.5   142.3   244.5   299.1   329.7   352.9   384.9   443.9  1250.3  1738.4  3540.8  7739.0 118309.4   118548
read      310.8   135.9    74.4   158.1   178.7   289.0   345.4   379.6   403.9   433.6   469.9   524.3   630.3  1222.3  3565.6 166006.0   165754
read      228.3   133.6    68.9   115.2   126.4   206.6   259.9   288.2   307.2   328.0   352.6   388.5   462.8  1058.3  4026.0  86898.4    86823
read      230.0    93.5    68.9   119.1   135.0   229.6   254.8   268.8   278.3   290.5   305.9   330.9   401.0  1132.0  2369.9  16867.4    16898
read      335.6   357.7    63.8   129.4   144.8   247.6   297.9   327.4   350.3   383.2   447.9  1301.6  1693.7  3383.3  7418.6 123191.4   123124
read      230.5   100.5    68.9   115.6   126.6   215.0   269.2   295.0   312.3   331.5   354.5   387.9   455.3   645.9  2546.1  72278.2    72278
read      248.7   117.5    68.9   116.7   128.9   242.2   287.4   310.2   326.5   345.3   370.8   411.0   525.0  1248.8  2075.7  47709.4    47757
read      252.0   130.1    68.9   115.6   127.3   239.0   292.2   318.0   337.2   359.9   389.3   433.7   553.6  1457.1  3568.4  60440.2    60510
read      246.3   128.8    63.8   121.4   135.3   245.4   278.3   295.5   308.3   321.8   341.2   370.2   438.8  1125.2  6162.9  25216.4    25237
read      240.2   121.9    68.9   117.1   129.1   211.9   266.9   298.1   320.3   346.2   380.0   436.2   634.1   952.1  2586.5  97798.4    97783
read      239.1   158.5    74.4   121.7   134.3   212.6   259.6   287.3   307.0   329.8   358.7   400.9   562.3  1949.0  5822.2 119022.4   118966
read      239.4   173.0    68.9   118.3   134.3   232.8   259.1   272.9   283.8   295.5   312.9   340.2   466.9  2673.9  7639.4  16576.8    16631
read      219.1   102.0    63.8   112.6   130.7   219.8   242.0   253.9   263.4   273.2   287.9   309.8   365.9  1030.7  2538.2  11739.6    11743
read      331.2   374.9    74.4   126.6   141.4   243.9   302.7   334.8   358.8   389.5   439.2  1104.6  1796.6  3666.4  7789.3 114928.0   115026
read      240.5   154.8    74.4   123.2   136.4   215.9   262.4   289.1   308.4   330.9   359.4   400.9   535.8  2179.8  5229.7 122226.8   122371
read      200.0   101.6    68.9   103.3   119.4   201.1   218.1   227.9   234.1   243.0   253.4   272.2   319.4   941.0  4330.6   7230.0     7198
read      246.7   113.7    68.9   119.2   132.5   245.6   281.3   300.0   313.6   329.2   347.4   376.5   439.9  1249.3  3847.4  24920.2    25022
read      433.7   346.8    86.8   193.7   223.5   361.8   422.8   462.6   495.8   539.0   602.0   795.9  1783.3  3681.2  7716.0 157674.0   157513
read      367.8   155.5    86.8   196.0   223.3   347.2   408.9   444.2   468.4   497.2   532.5   584.6   695.7  1399.5  5104.4 172129.6   171975
read      358.6   155.2    80.4   191.8   219.1   338.9   394.5   427.0   450.9   478.5   513.9   572.9   711.5  1364.9  5330.0 155182.6   154918
read      268.9   136.9    74.4   139.4   155.8   250.7   295.5   320.9   340.4   363.7   393.7   441.7   571.9  1762.6  3941.2 138969.2   139185
read      285.5   136.5    68.9   144.4   162.1   262.5   313.6   343.9   367.2   395.6   434.3   500.2   636.8  1345.3  3145.3 152698.4   152724
read      232.8    84.2    63.8   118.9   132.9   233.5   262.2   277.3   288.8   301.6   318.3   344.3   408.1   807.7  2001.4  20938.4    20845
read      322.9   288.7    80.4   142.7   161.0   271.2   327.4   361.3   387.3   420.6   467.4   553.0  1585.7  3468.3  7509.0 140203.4   140348
read      231.1   120.7    63.8   116.4   127.5   207.7   261.5   290.2   309.7   331.5   357.8   396.0   492.5  1496.2  2934.6  88679.0    88725
read      240.6   104.2    80.4   128.7   142.3   222.3   266.1   291.4   309.9   331.6   359.3   399.6   497.0  1203.4  2715.6 133932.4   134088
read      238.8   113.1    68.9   118.6   129.6   224.7   279.4   304.6   321.2   340.7   364.5   398.5   485.9   774.2  3168.6  66124.4    66126
read      237.2   126.2    68.9   117.0   128.5   216.1   272.8   301.4   320.5   342.3   368.8   405.3   499.3   872.3  4998.5  78247.2    78214
read      245.5   107.9    68.9   120.8   132.7   238.2   288.4   311.5   327.2   344.7   367.6   400.3   479.1   770.2  2723.5  55245.2    55191
read      243.1    93.8    68.9   120.5   132.3   238.4   287.5   309.9   324.8   341.9   363.4   394.7   462.1   610.4  1667.7  54147.6    54081
read      254.2   172.0    68.9   124.8   138.7   226.1   275.8   305.0   325.6   350.1   381.8   431.9   677.5  2223.1  5144.2 112673.4   112478
read      380.8   173.9    80.4   194.1   222.9   354.4   415.7   454.6   484.8   522.5   571.0   641.0   790.8  1594.5  5512.9 179938.8   179666
read      259.6   138.2    74.4   126.1   140.6   237.1   291.3   320.7   342.0   367.1   398.7   451.1   580.9  1388.5  4985.0 100825.8   100584
read      261.5   161.8    80.4   132.1   147.4   237.4   286.3   313.8   334.2   358.2   388.9   436.6   602.6  1849.5  3789.5 127931.0   127920
read      209.8   111.4    63.8   110.2   125.1   209.5   227.7   237.0   245.2   253.4   266.3   286.9   368.2  1217.7  4022.9   6646.2     6594
read      253.8   109.4    68.9   125.0   139.2   250.5   289.0   309.2   322.7   339.0   359.1   389.5   462.0  1149.4  3268.2  24886.8    25020
read      360.0   337.8    74.4   144.8   164.7   289.1   349.4   386.2   415.4   456.4   525.0   708.0  1745.2  3633.4  7845.2 129732.0   129587
read      219.0    67.3    68.9   117.6   135.6   220.9   241.3   252.6   261.2   270.6   283.6   303.0   355.0   955.8  1487.3  10352.8    10277
read      426.2   345.1    86.8   182.6   210.1   355.2   423.1   466.7   502.5   548.2   615.9   780.4  1756.9  3724.1  7734.8 147919.8   148458
read      241.8   106.8    63.8   120.4   132.4   227.4   281.1   307.2   324.6   344.2   368.5   402.6   481.4   716.8  3006.3  65964.8    66114
read      248.7   120.8    74.4   122.8   135.1   245.5   291.7   313.3   328.0   344.0   365.3   396.0   465.7   870.5  2965.3  49239.4    49261
read      270.1   125.8    74.4   136.1   152.2   249.6   299.6   328.0   348.5   373.4   405.8   462.3   613.0  1193.3  3536.2 132989.6   133049
read      252.2   155.8    68.9   122.9   136.5   223.2   274.3   304.4   325.8   350.8   382.4   432.2   737.5  1899.9  3826.7 106486.4   106628
read      247.6   114.1    74.4   124.5   139.1   245.6   278.4   296.1   309.4   323.7   343.1   372.1   435.0  1587.9  3595.8  23484.0    23498
read      353.1   420.6    74.4   126.6   141.6   249.6   308.0   340.3   365.1   397.7   461.7  1368.4  1925.2  3864.9  7895.8 103450.4   103564
read      360.7   155.3    80.4   176.6   202.8   332.7   400.3   444.0   475.6   511.5   555.1   620.1   744.3  1387.5  3633.5 161731.4   161774
read      262.1   139.0    68.9   122.0   135.5   251.9   298.4   323.6   341.9   363.5   390.4   429.6   533.9  1731.3  3723.8  38993.4    39037
read      398.4   263.9    80.4   177.0   203.9   350.4   419.9   462.7   497.7   543.0   608.4   716.2  1542.7  3206.9  7217.0 163758.0   163622
read      328.9   183.7    74.4   150.6   172.6   298.6   360.3   396.8   425.3   461.3   512.4   604.1   798.0  2066.4  6481.1 132436.8   132405
read      253.5   117.2    74.4   131.5   146.6   233.7   281.1   308.2   327.7   350.6   379.9   425.5   543.3  1097.0  3154.3 131711.4   131596
read      396.2   194.3    80.4   201.5   230.2   373.1   438.2   475.3   502.7   535.1   576.8   639.8   795.5  2370.3  6226.7 174614.8   174543
read      251.1   133.6    68.9   122.4   135.9   228.8   282.2   311.4   332.1   355.9   386.2   433.2   588.0  1197.5  4794.6  90412.2    90567
read      240.8   124.0    74.4   123.4   136.8   218.5   266.7   294.4   314.4   337.6   366.4   407.0   515.4  1600.7  3003.6 116374.8   116582
read      227.6    89.9    63.8   120.9   138.0   228.6   251.6   264.4   272.7   284.2   297.0   319.6   373.4   986.8  2748.5  13982.8    13888
read      315.6   329.7    74.4   127.4   142.4   243.6   301.0   333.6   358.4   390.2   438.7   604.7  1748.9  3598.5  7479.9 118881.8   119224
read      329.9   171.6    74.4   152.1   173.4   295.8   364.0   408.2   442.8   483.9   534.7   608.5   747.3  1175.9  5168.7 156452.8   156471
read      355.2   185.8    80.4   166.3   191.3   321.5   389.3   433.6   467.6   507.8   559.0   634.2   789.8  1813.2  5723.1 164049.4   164013
read      256.4   126.7    68.9   120.4   133.2   246.4   291.6   316.5   334.9   356.1   382.7   422.9   532.3  1594.9  3119.0  41964.6    41909
read      338.8   338.8    74.4   134.9   152.0   264.0   322.7   356.0   381.5   415.7   474.9   717.8  1741.1  3581.4  7563.3 127876.8   128280
read      232.2   111.3    74.4   119.7   131.9   210.8   259.5   288.4   308.7   331.8   359.6   397.9   480.3   986.6  3098.2 107187.4   107066
read      240.4    95.8    68.9   121.0   133.0   239.6   281.5   301.3   314.8   330.5   348.7   376.7   437.4   645.3  2418.6  46134.6    46119
read      222.7    98.5    68.9   120.0   137.4   223.8   244.8   255.6   264.4   273.2   287.1   308.3   359.9   969.5  4681.1  10319.8    10227
read      222.6    68.4    68.9   117.1   136.5   225.8   246.7   257.7   266.3   274.9   289.2   310.0   359.5   696.4  1374.4  10924.6    10870
read      588.5   643.6    74.4   170.1   195.4   308.9   372.7   492.7  1082.4  1395.5  1533.9  1722.0  3063.4  4459.4  8099.1 146468.6   146664
read      323.6   452.2    74.4   128.7   144.5   242.4   277.4   297.4   315.1   339.7   395.5   884.8  1783.7  7475.7 10473.0  19854.0    19865
read      577.9   640.9    80.4   169.7   194.9   303.2   367.2   481.4   996.0  1363.5  1511.5  1706.1  3051.8  4890.2  8103.3 113212.8   113409
read      261.7   134.6    68.9   117.2   129.6   241.9   302.3   333.8   355.5   379.8   409.5   458.9   617.8  1387.2  2561.5  70675.2    70623
read      250.4   113.0    68.9   117.5   129.7   243.7   294.0   319.6   337.4   357.4   381.0   415.0   483.0   620.1  3838.2  52765.2    52633
read      344.3   250.5    63.8   133.6   150.0   263.2   352.3   423.0   477.4   543.0   640.6   803.2  1261.7  1974.1  5910.2 104572.4   104630
read      256.1   109.5    68.9   121.7   134.7   253.3   300.1   323.5   340.0   358.6   380.6   413.4   481.2   623.6  2761.4  42567.8    42594
read      279.5   149.2    68.9   123.5   137.5   245.4   318.9   362.6   391.4   423.8   466.0   531.1   681.7  1073.1  2657.5  95318.2    95196
read      253.0   103.4    63.8   118.6   130.7   246.6   298.3   324.4   342.1   362.3   386.3   420.4   488.8   601.2  1997.5  52083.4    52243
read      250.2   106.7    63.8   121.8   134.4   250.0   292.1   313.4   328.0   344.0   364.9   394.4   451.8   541.0  2795.3  37126.4    37031
read      251.6    92.4    68.9   121.4   134.3   251.1   295.2   317.3   332.5   348.6   369.5   399.3   458.8   549.0  1499.8  39779.0    39878
read      561.2   613.2    68.9   164.1   188.8   297.1   364.7   496.1   940.7  1325.2  1477.3  1674.0  2756.7  4734.3  8126.7 110607.2   110750
read      217.5    63.9    68.9   119.6   136.9   220.5   240.1   250.7   258.5   268.2   280.1   299.8   344.3   966.2  1183.1   8244.8     8231
read      252.8   109.4    59.1   116.7   128.9   242.3   299.1   327.5   346.2   367.8   393.4   430.1   508.3   619.6  1656.9  63526.8    63638
read      268.9   129.8    59.1   120.9   134.3   242.0   312.6   351.7   377.1   404.3   438.5   495.2   613.1   784.7  1950.9  90255.6    90167
read      250.4    98.7    68.9   118.4   130.8   245.2   295.3   320.1   337.1   355.9   377.8   410.5   474.5   585.6  1558.8  50601.8    50555
read      235.4    86.7    74.4   127.6   143.6   237.1   262.1   274.6   285.0   295.7   311.1   333.2   374.8   781.8  3113.4  15984.0    15997
read      251.5   110.0    74.4   120.4   133.3   248.6   295.0   317.7   333.9   351.6   372.6   403.4   466.8   569.3  2217.7  43183.4    43089
read      228.3    70.5    68.9   123.3   142.3   230.9   253.4   265.7   273.6   284.7   296.8   317.9   365.1   482.2  1494.1  12165.6    12188
read      257.1   119.0    68.9   117.2   129.6   240.5   303.8   335.4   356.7   380.2   407.3   450.2   541.9   683.2  2398.3  76576.6    76615
read      595.2   643.6    80.4   172.2   197.7   310.9   375.6   511.7  1178.7  1408.0  1543.4  1722.2  3009.9  4210.4  8093.5 143349.2   143480
read      436.1   524.2    63.8   136.8   157.1   274.1   333.5   381.0   429.9   552.7  1095.3  1500.8  2561.1  7035.3  8089.0  63636.8    63793
read      256.6   114.1    74.4   117.7   129.7   242.3   304.2   334.6   355.0   377.5   403.8   444.3   529.8   668.6  2003.1  71786.8    71996
read      254.8   149.3    68.9   120.7   133.7   251.4   297.6   320.6   336.8   354.7   375.5   406.3   469.9   590.8  6385.9  41886.8    41778
read      246.6    85.3    68.9   127.5   142.2   249.7   279.7   295.3   306.9   319.0   336.6   362.0   408.5   509.5  3777.2  21857.6    21860
read      254.4   106.2    68.9   120.6   133.4   251.0   299.8   323.9   340.4   359.1   380.9   412.4   471.8   582.0  2424.2  45490.2    45582
read      262.4   120.0    68.9   118.6   131.2   243.1   309.2   342.7   365.4   390.2   420.4   467.2   565.5   779.1  1745.4  82197.4    81972
read      255.0   343.3    74.4   120.4   133.3   250.2   296.8   319.9   336.2   354.2   375.2   406.2   470.7   607.0  2332.6  42939.2    42852
read      253.2   125.3    63.8   118.2   130.6   246.9   298.5   324.0   341.3   361.0   384.3   417.3   483.1   642.5  4113.7  51930.0    51852
read      547.3   583.2    80.4   163.1   186.1   295.1   365.6   512.7   883.3  1288.6  1451.6  1644.3  2607.4  4284.3  8058.5 109473.6   109368
read      254.0   107.5    74.4   117.9   130.3   246.2   300.3   326.8   344.6   365.4   390.3   425.7   502.6   643.3  1747.3  55921.4    55794
read      253.7    94.1    74.4   122.9   136.3   254.6   296.8   317.6   332.0   347.2   367.8   396.7   455.0   556.8  1973.8  35518.2    35534
read      275.8   138.3    68.9   122.8   136.6   248.2   319.2   358.7   384.7   413.4   450.7   506.6   639.7   983.7  2952.6  90874.2    90576
read      283.1   144.9    68.9   124.7   138.9   249.7   323.9   368.0   396.2   428.6   470.8   538.8   696.3   967.2  1902.5  95124.0    95085
read      304.4   179.5    74.4   128.5   143.4   257.4   336.6   387.8   424.0   467.0   523.3   621.7   864.0  1361.9  2486.2 100049.8   100029
read      258.3   126.8    68.9   117.4   129.6   243.3   305.2   335.6   356.1   378.6   404.7   447.4   537.9   742.0  3784.1  72689.4    72551
read      263.0   120.3    68.9   119.1   131.9   242.2   309.7   344.3   367.3   392.7   423.7   469.9   567.9   743.8  1609.0  84661.0    84629
read      258.8   119.6    68.9   117.8   130.0   244.2   306.2   337.0   357.9   380.9   408.2   451.5   541.2   687.8  1996.2  74223.4    74136
read      598.8   658.1    80.4   172.2   198.1   312.4   378.5   512.4  1144.7  1405.0  1545.1  1732.2  3214.8  4729.1  8088.8 130774.6   130756
read      385.6   444.6    74.4   128.9   146.8   266.4   322.9   362.8   397.0   454.1   640.2  1387.7  2246.9  3860.5  8020.1  69877.2    69916
read      254.2   120.4    74.4   116.6   128.7   240.4   300.9   330.8   350.9   372.9   399.3   436.1   516.5   646.6  3602.4  72001.6    72019
read      262.0   137.6    74.4   118.0   130.5   244.4   308.8   341.0   362.6   386.3   415.2   461.7   561.1   801.5  4056.2  78204.8    78070
read      304.2   165.7    74.4   129.7   145.0   259.5   339.3   390.3   425.4   467.4   520.8   609.0   832.2  1245.7  1833.0  99574.0    99548
read      257.9   107.0    74.4   124.1   137.7   258.8   301.1   321.7   336.6   353.1   372.9   402.4   463.4   591.8  3904.1  36442.8    36393
read      585.1   648.8    86.8   167.9   192.7   307.0   369.9   474.0  1024.3  1391.0  1536.0  1726.8  3174.2  4497.1  8046.5 172547.0   172591
read      372.7   697.2    68.9   122.0   139.3   225.1   260.9   286.0   312.0   373.6   584.2  1238.8  2820.3  8012.3  9474.8   8373.4     8325
read      258.9   115.5    68.9   118.3   130.7   245.0   306.3   336.7   357.4   380.1   406.5   449.3   537.4   682.5  2284.7  73456.8    73684
read      255.5   110.8    74.4   119.8   132.4   252.1   302.0   326.4   342.7   361.8   384.3   416.5   481.8   583.6  3913.1  48511.2    48420
read      218.9   115.6    63.8   113.1   130.8   220.1   241.0   252.3   260.9   270.5   283.7   303.8   346.6  1064.7  5087.7   6870.0     6828
read      591.3   656.2    80.4   166.9   192.0   311.5   377.4   492.9  1063.1  1400.3  1546.4  1739.0  3115.6  5054.0  8045.2 118444.4   118747
read      235.7   261.3    68.9   113.7   131.2   217.4   238.8   251.6   261.4   272.6   288.7   318.1   894.8  3417.6  8025.4   7169.8     7123
read      611.2   665.8    74.4   175.7   202.7   320.6   394.3   549.4  1087.9  1409.6  1562.9  1786.4  3285.2  4587.5  8003.8 174955.6   175577
read      605.0   677.5    63.8   172.6   198.8   314.5   381.6   505.2  1018.5  1404.0  1567.9  1807.3  3343.2  4740.6  8041.5 147368.0   147498
read      614.3   748.3    86.8   175.5   200.5   314.6   391.7   536.7   914.8  1369.9  1564.6  1838.2  3514.8  7760.4  9027.4  35909.2    35814
read      415.6   492.2    68.9   138.4   157.2   269.1   335.9   389.9   441.9   544.7   825.4  1427.0  2429.1  5545.6  8100.6  59586.0    59488
read      609.3   671.2    80.4   175.2   201.9   318.3   389.9   530.9  1079.4  1409.0  1564.8  1786.7  3329.4  4747.6  8033.7 167067.0   167483
read      566.3   660.7    80.4   161.7   185.0   300.1   363.9   451.2   786.7  1333.1  1517.4  1735.3  3152.4  7186.2  8098.7  88687.2    88988
read      297.7   442.6    68.9   122.8   138.8   224.9   255.8   273.8   289.9   312.9   367.8   682.8  1691.0  7626.1  8807.8   9851.0     9869
read      605.4   663.6    80.4   176.2   203.1   316.0   390.1   547.2  1091.8  1403.5  1552.0  1751.7  3248.8  4889.0  8051.1 111329.4   111786
read      340.9   297.2    74.4   130.6   147.2   265.1   337.4   386.2   423.8   474.7   557.2   796.1  1559.3  2919.9  7492.1  92900.2    92736
read      603.8   659.8    74.4   175.0   201.7   316.8   387.4   532.2  1065.8  1399.9  1551.8  1765.0  3269.8  4462.5  8054.8 178539.4   178657
read      594.4   678.8    80.4   171.7   196.7   312.7   381.2   491.8   893.1  1362.7  1555.2  1812.1  3349.5  5302.1  8084.5 109125.4   108877
read      403.5   617.3    74.4   134.0   150.3   244.1   294.7   334.6   379.0   486.9   787.3  1396.8  2635.6  7902.3  9714.2  19093.8    19091
read      259.2   116.1    68.9   119.2   132.0   249.7   305.2   333.7   353.0   374.3   400.5   438.7   525.6   659.2  1948.6  65848.0    65772
read      266.0   119.9    63.8   120.8   134.1   248.9   312.3   345.1   367.4   391.7   421.5   467.1   564.9   759.3  2031.7  79223.0    79060
read      334.1   211.5    74.4   136.0   153.0   273.3   359.9   419.1   463.9   516.4   589.3   719.2  1042.9  1597.0  4850.8 100251.6    99953
read      254.9    85.6    74.4   131.3   146.5   258.3   291.1   308.1   319.5   334.0   350.5   374.8   427.4   509.4  2412.7  24442.8    24354
read      608.7   648.4    74.4   177.1   204.1   320.7   396.9   591.5  1118.1  1402.3  1548.4  1742.2  3075.7  4444.2  8002.8 143866.4   144236
read      610.3   675.9    80.4   176.0   202.6   317.7   389.1   531.7  1049.7  1409.4  1575.6  1818.0  3310.3  4771.0  8046.2 167845.8   168093
read      573.6   754.4    74.4   168.7   190.0   291.5   372.2   540.5   783.4  1136.7  1454.0  1733.8  3359.6  7948.2  9642.8  22068.8    22028
read      342.0   303.0    59.1   130.0   147.2   265.7   335.2   381.8   419.4   472.9   564.9   807.1  1593.6  2947.8  7664.5  77700.6    77499
read      612.9   659.6    80.4   178.2   205.6   321.9   397.8   588.4  1098.4  1408.7  1560.8  1773.4  3163.3  4764.0  8026.3 128249.8   128271
read      607.5   673.9    80.4   174.6   200.9   316.4   386.6   522.2  1040.1  1412.9  1576.5  1813.1  3276.1  4792.5  8071.2 126704.8   126673
read      394.0   473.5    80.4   137.8   156.8   268.7   324.8   365.7   401.3   468.8   695.2  1345.3  2242.4  7063.2  8049.8  43624.6    43605
read      416.8   351.0    80.4   145.2   164.3   282.8   385.9   494.8   584.2   709.2   869.4  1164.5  1668.2  2587.4  7207.8 103184.0   103217
read      307.6   171.8    74.4   131.7   148.2   267.9   343.8   391.5   424.9   464.4   513.2   594.1   809.1  1347.2  3022.8  93988.6    93706
read      254.6    95.9    74.4   133.0   148.5   257.1   288.4   304.7   315.8   329.5   345.6   372.3   430.8   585.7  3911.2  23317.0    23247
read      273.6   129.4    74.4   123.2   137.6   255.8   318.8   352.8   375.7   400.7   433.2   486.4   589.3   788.1  3094.3  77520.8    77378
read      239.1    71.7    74.4   133.9   154.7   241.1   264.7   276.1   285.6   295.1   309.5   330.1   371.5   654.8  2163.0  10451.2    10495
read      611.5   667.4    74.4   175.5   202.0   319.8   391.4   544.9  1142.2  1418.1  1563.9  1760.6  3280.4  4767.9  8033.3 134769.2   134841
read      613.5   692.3    74.4   176.4   202.8   319.7   392.7   527.1   988.9  1403.5  1579.5  1834.3  3421.6  5282.4  8064.6 120787.6   120602
read      383.0   477.8    80.4   135.4   153.7   267.7   320.4   356.7   388.4   440.0   622.2  1242.5  2344.9  7254.0  8080.2  37015.2    36975
read      604.7   668.4    74.4   174.2   200.5   316.1   385.0   513.1  1067.0  1406.6  1562.9  1789.9  3228.4  4726.8  8104.1 151359.0   151323
read      608.0   691.1    86.8   171.7   197.8   312.6   376.3   486.3  1083.5  1421.9  1578.1  1812.7  3382.1  5647.6  8098.5 105058.0   105217
read      610.2   694.3    80.4   172.2   198.0   313.1   377.9   491.0  1079.0  1427.0  1593.1  1830.9  3445.7  5335.9  8081.6 110795.2   110653
read      608.4   690.6    74.4   172.1   197.9   312.6   374.6   482.6  1074.1  1429.3  1590.6  1832.3  3408.6  4962.3  8086.4 127791.6   127593
read      611.9   705.5    80.4   171.3   196.8   312.4   375.4   477.5  1029.0  1429.5  1604.1  1860.2  3472.5  5285.6  8103.1 101063.8   101096
read      611.1   708.8    80.4   171.2   196.8   311.4   373.6   470.5   992.9  1430.2  1610.0  1867.9  3515.3  5024.9  8076.7 158508.4   158958
read      612.8   708.8    80.4   172.6   198.2   313.1   377.1   480.2   989.3  1424.0  1606.1  1873.2  3509.0  4976.2  8103.8 136514.6   136541
read      614.2   702.6    86.8   173.9   200.0   315.0   379.9   482.5  1005.9  1427.7  1607.9  1869.2  3489.4  4736.9  8055.9 164804.2   164999
read      614.0   705.3    80.4   174.1   200.4   315.2   380.5   488.5   975.9  1422.0  1604.4  1869.1  3502.8  4927.5  8054.4 164843.2   164911
read      617.7   724.9    80.4   174.3   200.9   315.6   383.5   502.1   975.1  1411.3  1595.6  1870.4  3516.7  7301.9  8127.8  87781.6    87904
read      610.7   698.1    80.4   174.5   201.0   315.6   381.8   493.1   963.5  1403.6  1586.5  1858.3  3483.7  4905.1  8039.7 169647.0   169356
read      617.3   725.9    86.8   174.5   201.0   315.8   383.0   504.5  1002.6  1408.5  1582.4  1850.9  3527.9  7466.3  8106.6  68189.2    67870
read      610.9   701.7    80.4   174.2   200.2   314.6   379.9   487.5   975.9  1410.4  1589.3  1856.8  3501.6  4968.6  8095.5 167515.8   167602
read      606.7   695.9    80.4   173.4   198.7   312.2   375.3   479.4   958.3  1408.5  1586.9  1852.8  3461.4  4727.5  8055.0 170617.0   170450
read      606.7   727.0    80.4   170.3   195.2   308.8   372.1   473.8   927.7  1397.2  1578.8  1853.7  3543.8  7365.5  8462.8  73054.2    72942
read      657.5   906.5    74.4   172.0   196.9   312.0   386.6   579.5  1047.9  1417.5  1595.5  1893.8  4033.2  8068.2 10073.6  13778.8    13873
read      617.0   757.0    86.8   171.9   197.2   310.6   375.7   493.9   957.9  1406.8  1587.9  1861.3  3590.9  7734.1  9392.4  45163.4    45295
read      607.0   702.9    74.4   172.3   198.2   311.9   375.3   480.6   945.4  1402.9  1584.0  1853.7  3504.8  5078.8  8090.6 157716.8   157697
read      610.0   711.3    80.4   173.0   199.6   312.8   376.9   484.1   943.4  1403.6  1586.3  1860.4  3528.0  5823.5  8116.4 117251.2   117232
read      611.4   712.9    86.8   173.5   199.7   313.7   377.8   487.7   952.3  1402.4  1585.5  1864.2  3503.1  7018.9  8076.9 101074.6   101152
read      624.0   758.8    86.8   174.0   201.1   315.4   383.0   507.6   975.8  1408.2  1592.4  1877.9  3606.6  7748.8  9006.0  50184.2    50333
read      612.1   706.7    74.4   174.4   201.0   314.8   380.1   490.8   942.7  1406.6  1593.0  1869.3  3502.5  5088.0  8070.7 136271.0   136447
read      610.3   706.6    80.4   173.8   200.3   314.1   379.1   491.4   947.2  1401.8  1586.9  1858.3  3493.9  5365.8  8120.1 158359.4   158298
read      614.1   729.7    86.8   173.4   200.2   314.0   379.6   496.2   961.5  1400.7  1579.7  1854.6  3542.2  7504.4  8559.8  69204.0    69328
read      604.2   693.2    74.4   172.8   198.9   311.7   374.3   483.6   935.8  1399.3  1581.1  1847.6  3452.5  4716.2  8055.2 164458.4   164566
read      608.8   721.4    74.4   172.5   199.0   310.8   373.5   487.5   953.8  1394.7  1573.8  1846.6  3516.3  7443.2  8128.1  70764.6    70740
read      602.5   703.4    74.4   171.5   197.8   308.6   371.2   480.6   909.9  1391.7  1577.3  1851.9  3444.1  6661.8  8081.7 106959.8   106915
read      593.5   692.7    74.4   171.0   196.5   305.6   368.2   474.0   868.6  1359.0  1559.2  1839.6  3410.9  5328.8  8097.0 126187.6   126425
read      587.3   699.7    80.4   170.3   194.5   300.7   364.7   476.1   824.1  1328.4  1551.9  1835.4  3394.2  7265.3  8131.7  79185.6    79083
read      561.6   651.3    80.4   169.6   192.8   293.3   357.1   464.8   761.3  1222.6  1491.5  1781.3  3224.7  4696.7  8041.1 143477.6   143445
read      539.4   624.4    80.4   164.8   187.1   284.6   350.8   466.7   719.9  1110.0  1441.4  1727.9  3062.3  4568.6  8084.3 165642.8   165502
read      539.6   678.5    80.4   160.8   181.3   278.3   348.7   484.1   729.4  1074.6  1416.7  1714.1  3053.1  7765.3  8270.4  40790.4    40820
read      553.5   723.9    74.4   160.7   180.5   280.3   365.5   539.7   777.5  1081.0  1409.6  1716.7  3086.4  7930.4  9679.9  25092.2    25097
read      538.1   651.0    80.4   156.9   176.4   283.4   389.7   586.9   783.6  1026.4  1339.5  1666.3  2805.8  7791.0  9039.8  26775.8    26808
read      493.3   536.2    68.9   156.3   176.4   279.7   357.7   487.4   683.5   934.0  1247.7  1575.5  2491.7  4312.8  8081.6  72927.4    72990
read      502.7   601.6    80.4   157.3   178.5   281.9   333.7   381.2   467.9   960.4  1423.6  1682.3  2929.5  4651.0  8069.7 113835.0   113963
read      451.5   533.0    80.4   142.9   162.2   260.1   312.3   360.6   439.0   765.8  1250.6  1585.0  2519.6  4013.7  8038.9  97546.8    97475
read      289.0   268.6    68.9   131.9   148.4   240.1   288.5   314.9   334.2   357.7   391.0   463.5  1658.2  3506.4  4328.2  18672.6    18649
read      592.0   668.9    74.4   172.5   198.9   308.8   370.8   477.0   934.2  1372.8  1547.3  1798.1  3311.4  4715.1  8000.9 149818.8   150293
read      601.3   689.1    80.4   173.5   199.7   310.5   373.0   482.8   946.5  1393.8  1569.9  1832.1  3385.3  5011.4  8067.8 119397.2   119407
read      598.3   698.7    68.9   171.8   198.1   307.7   371.8   491.9   912.8  1369.9  1556.3  1832.2  3393.3  7261.9  8111.7  79890.4    79895
read      591.2   676.7    80.4   171.6   197.8   307.7   370.6   477.6   867.5  1363.3  1555.2  1823.2  3339.7  4631.2  8085.9 137392.2   137569
read      556.5   660.0    86.8   167.0   191.2   295.6   356.8   440.4   670.4  1220.2  1489.3  1754.6  3268.7  6882.6  8122.1 109969.0   109784
read      422.5   489.3    74.4   140.8   161.1   272.5   347.6   415.7   487.3   607.6   842.9  1349.2  2425.2  7165.9  8094.5  52196.0    52195
read      362.7   247.1    68.9   139.8   157.5   277.7   380.3   462.7   520.5   589.0   684.6   831.0  1211.9  1749.2  4323.1  97192.4    97072
read      268.0   123.7    74.4   121.5   135.4   252.1   312.9   344.9   366.9   391.2   421.9   470.0   576.1   753.7  2410.6  75267.4    75134
read      310.4   169.1    74.4   131.8   147.8   267.6   346.0   394.3   429.8   471.3   525.6   616.4   860.2  1289.4  2152.8  96879.6    96879
read      603.9   676.2    80.4   174.2   200.9   315.6   383.6   511.7   991.1  1393.6  1562.8  1810.4  3314.8  4618.5  8157.8 160683.2   160599
read      582.7   664.0    80.4   172.5   197.8   305.2   373.6   521.9   883.9  1321.3  1507.5  1739.0  3212.1  7157.7  8097.3  71158.0    71249
read      364.6   318.3    74.4   135.5   154.2   277.6   354.6   408.4   456.7   520.8   635.1   899.2  1590.8  3263.2  7678.5  78772.2    78672
read      262.4   114.8    74.4   119.3   132.2   252.5   308.7   337.4   357.4   379.5   405.7   449.4   541.1   705.9  2135.6  66241.2    66141
read      604.0   675.0    74.4   174.3   201.3   318.2   390.5   531.6   947.5  1376.1  1554.6  1812.6  3314.6  4899.4  8120.3 157414.6   157119
read      392.5   516.4    74.4   138.3   157.7   265.3   315.2   349.3   381.5   443.3   658.3  1316.0  2562.4  7588.5  9549.0  32538.4    32402
read      589.2   665.5    80.4   170.2   196.8   305.8   367.4   475.9   963.8  1385.3  1547.3  1777.6  3248.1  4814.4  8053.1 120538.6   120835
read      566.3   615.2    80.4   166.3   190.8   301.2   374.5   551.2   896.7  1279.9  1479.7  1720.8  2879.7  4312.3  8041.9 101414.0   101524
read      612.7   686.2    80.4   174.0   200.7   319.3   387.2   504.8  1034.5  1416.4  1586.2  1836.0  3428.1  4735.2  8022.1 177507.8   177702
read      610.1   691.8    68.9   173.6   200.2   316.8   384.2   505.2   969.1  1403.6  1582.0  1853.5  3350.2  5070.8  8101.0 155082.2   154983
read      601.0   692.0    74.4   172.0   198.7   309.2   371.1   469.6   923.6  1397.4  1577.2  1844.1  3435.9  5001.4  8054.4 175391.4   175537
read      613.5   701.7    74.4   174.7   201.4   317.2   385.5   501.3   951.2  1406.2  1596.0  1872.7  3476.9  5154.6  8042.4 177893.8   177715
read      639.0   807.4    80.4   175.2   201.8   318.7   392.7   549.5  1009.2  1411.0  1603.1  1900.6  3642.7  7901.7  9375.2  26019.0    26001
read      605.5   697.3    86.8   174.1   200.3   312.7   376.6   488.3   908.0  1391.9  1586.8  1868.0  3408.9  5146.4  8050.6 159548.2   159885
read      596.0   692.0    80.4   171.1   197.0   307.7   369.6   469.8   890.9  1366.8  1561.2  1843.0  3425.0  5049.0  8054.7 144126.0   144266
read      608.4   705.6    80.4   173.8   200.0   313.8   380.6   496.0   914.1  1392.0  1584.6  1862.9  3489.3  5254.7  8123.0 142455.6   142386
read      622.2   757.5    80.4   174.3   201.0   316.3   387.4   522.0   940.3  1385.4  1583.1  1880.4  3546.3  7728.9  9092.2  39695.4    39646
read      613.6   732.3    68.9   174.4   201.3   315.4   383.8   507.3   939.0  1367.2  1564.3  1868.3  3457.5  7595.8  9448.3  63730.2    63535
read      606.1   705.0    80.4   174.3   200.6   314.0   381.0   502.1   899.0  1370.8  1571.7  1864.8  3403.1  6978.4  8128.3 111975.4   111750
read      600.3   690.0    80.4   173.4   199.6   312.0   377.0   489.6   885.6  1357.6  1561.7  1860.6  3386.1  4844.3  8084.2 178535.2   178544
read      608.2   703.8    74.4   173.7   200.0   314.5   380.5   493.1   895.9  1387.2  1584.2  1871.6  3491.0  4998.1  8057.3 143730.8   143598
read      609.3   705.5    80.4   174.5   201.1   314.6   379.8   495.1   927.3  1390.5  1578.1  1859.7  3490.0  5140.8  8104.5 123542.8   123314
read      610.5   715.2    68.9   174.3   200.8   313.6   379.0   493.6   923.8  1394.4  1585.6  1863.8  3490.1  6974.5  8738.2 117038.0   116900
read      605.2   709.2    86.8   173.7   199.9   311.8   375.1   480.6   916.8  1378.3  1566.5  1852.0  3488.9  6669.1  8129.4 111549.4   111580
read      603.6   702.0    80.4   173.2   199.1   312.4   376.2   482.2   907.9  1379.1  1570.4  1850.8  3450.1  5550.2  8089.6 129102.6   129042
read      604.1   702.1    80.4   173.8   200.5   312.7   377.5   487.2   881.5  1373.1  1572.8  1863.8  3462.2  5430.8  8078.0 129808.2   129909
read      593.1   689.1    80.4   173.1   198.5   308.0   372.4   478.4   829.4  1332.9  1557.6  1856.0  3422.0  5058.4  8039.3 176367.6   176569
read      620.9   844.5    86.8   171.3   196.4   304.2   373.7   520.8   866.3  1316.2  1544.2  1875.5  3780.4  8000.3  9712.5  18540.0    18561
read      574.7   692.0    63.8   171.2   195.0   298.0   363.4   468.6   757.5  1221.0  1510.3  1823.0  3372.1  7324.2  8120.4  82826.8    82982
read      572.6   712.1    74.4   169.9   193.3   296.4   364.0   480.0   744.7  1172.2  1485.8  1805.5  3392.2  7663.9  9334.0  53259.2    53156
read      552.1   643.4    68.9   165.6   188.6   294.8   366.1   485.1   720.8  1099.5  1463.3  1767.6  3176.8  5190.4  8094.5 141216.4   141177
read      578.0   759.4    86.8   162.1   183.8   297.2   383.4   548.3   773.4  1103.8  1461.6  1779.8  3466.4  7953.4  9856.4  24531.2    24545
read      598.6   778.0    68.9   162.4   184.6   304.9   415.4   625.2   842.9  1138.7  1478.9  1815.9  3449.6  7956.0  9053.6  18008.8    18002
read      533.8   600.3    74.4   164.4   187.3   299.4   380.6   510.7   709.4   990.5  1376.8  1678.8  2933.7  5109.6  8100.8 131861.6   131807
read      492.5   565.5    74.4   152.5   174.1   286.0   384.1   523.9   665.0   843.7  1105.6  1539.8  2662.9  7392.5  8097.0  43084.4    43050
read      439.2   452.6    74.4   147.3   168.3   287.9   382.2   478.7   564.9   685.5   870.3  1315.8  2266.5  3946.2  8082.5  51202.8    51137
read      525.7   627.6    80.4   156.9   177.6   289.3   344.5   401.6   535.6  1078.9  1456.0  1724.2  3152.8  4823.0  8036.1 163887.4   163650
read      482.8   645.5    80.4   136.3   153.8   268.6   323.6   371.6   442.8   753.1  1355.9  1685.2  3140.2  7513.9  8134.9  66062.8    66060
read      256.6   194.0    68.9   123.6   138.2   228.8   274.5   300.6   318.9   341.0   370.0   424.1   808.6  2580.7  7797.1  22155.8    22129
read      237.2    74.7    63.8   128.3   144.1   237.7   268.4   284.1   294.7   308.0   322.8   346.2   400.2   506.8  1917.2  18755.8    18840
read      252.9   100.7    74.4   120.4   133.2   249.8   297.0   320.5   337.1   355.4   376.1   406.7   470.4   605.2  1889.9  47842.8    47897
read      586.8   663.1    80.4   172.2   197.7   307.5   371.5   490.9   898.3  1352.2  1529.7  1769.9  3263.5  5024.4  8053.1 132523.2   132763
read      300.1   318.8    74.4   133.0   149.9   256.1   292.5   312.8   328.0   346.1   377.0   505.4  1558.5  3871.3  8035.6  23055.6    23044
read      596.1   660.0    80.4   174.4   200.6   315.2   386.6   525.2   931.0  1359.6  1544.0  1796.0  3240.5  4629.7  8086.4 171859.2   171915
read      406.1   586.8    68.9   138.3   156.5   254.4   299.1   334.6   373.4   483.0   795.1  1388.0  2642.1  7812.3  8837.3  19332.0    19334
read      579.0   652.4    68.9   171.0   196.7   307.5   373.2   498.8   850.1  1310.1  1511.8  1751.4  3148.4  4960.1  8071.5 125855.0   125579
read      287.8   257.2    74.4   127.3   142.2   258.3   300.9   323.1   339.8   360.2   389.0   460.6  1313.5  3228.4  7932.7  34543.0    34383
read      603.6   663.2    74.4   176.1   203.5   321.6   399.5   558.4   917.4  1344.9  1546.5  1823.1  3247.1  4546.6  8070.9 159370.4   159031
read      602.5   679.3    80.4   174.0   200.9   318.2   391.3   535.6   890.0  1344.5  1549.3  1831.8  3346.9  5101.8  8084.9 133860.4   134136
read      597.5   686.0    80.4   173.4   200.0   312.2   379.3   500.3   859.5  1339.4  1552.8  1842.5  3391.6  4851.4  8114.1 164164.4   164266
read      606.8   712.0    74.4   173.4   199.9   313.3   379.7   495.4   884.6  1376.5  1571.4  1862.7  3499.7  6988.2  8113.3  99097.6    99195
read      621.4   753.6    80.4   173.8   200.2   315.0   383.0   503.4   948.4  1402.7  1589.8  1882.9  3609.0  7692.1  8975.2  51587.0    51531
read      608.8   701.0    74.4   173.5   200.2   314.6   381.0   500.1   921.6  1387.7  1579.9  1870.9  3474.1  4958.4  8053.0 146900.2   146794
read      609.5   693.4    80.4   174.0   200.5   317.1   387.9   528.3   948.9  1388.3  1579.3  1862.9  3332.5  6026.0  8094.6 108273.2   108372
read      604.5   696.3    74.4   174.0   200.8   314.7   383.5   513.2   906.1  1363.4  1563.9  1853.9  3390.4  6163.2  8118.5 107859.0   107914
read      584.7   683.5    74.4   171.8   197.0   304.2   369.1   484.2   812.9  1311.6  1541.2  1822.6  3349.4  6649.3  8099.7 111777.6   111421
read      560.4   663.3    80.4   166.1   189.7   294.3   365.3   494.6   764.0  1160.9  1473.2  1751.5  3188.9  7292.2  8104.4  75102.0    75121
read      513.3   602.3    68.9   158.1   178.6   285.4   374.0   526.5   692.6   914.6  1248.2  1610.2  2825.4  7402.5  9075.8  52692.8    52675
read      514.9   641.8    80.4   148.7   167.4   282.0   336.4   387.5   482.3  1030.2  1456.4  1724.6  3222.6  5211.9  8087.5 120582.2   120632
read      236.9   312.3    68.9   119.3   133.2   202.0   230.6   247.1   259.8   275.0   300.4   365.8  1037.2  7013.8  8901.2   7369.4     7372
read      599.5   668.0    80.4   173.8   200.3   314.3   382.3   516.4   957.0  1379.8  1554.0  1805.6  3230.0  4652.3  8053.9 152320.2   152583
read      577.6   675.4    86.8   169.8   193.9   304.6   368.5   470.7   778.4  1295.1  1522.6  1798.9  3300.9  6065.8  8124.2 101443.2   101484
read      317.5   395.6    63.8   131.2   147.4   250.3   290.1   313.1   331.6   357.9   417.0   719.6  1664.4  7316.4  8118.4  24047.0    23959
read      603.3   681.1    74.4   174.4   200.9   312.9   377.2   497.6   979.2  1396.6  1566.0  1822.3  3345.1  4760.8  8008.2 146173.0   146209
read      554.5   653.1    80.4   164.4   187.7   295.4   361.3   468.3   747.8  1192.5  1465.9  1721.7  3208.1  7269.2  8128.3  75092.4    75099
read      250.5    93.9    68.9   121.8   135.2   248.3   291.3   313.0   327.9   344.5   366.3   397.5   471.6   692.1  1497.5  39973.2    39946
read      253.3    92.7    74.4   122.8   136.7   254.0   295.1   316.1   330.8   346.3   367.1   396.5   459.4   585.1  1583.1  38775.6    38762
read      275.9   144.2    63.8   123.3   137.7   249.4   317.1   354.7   380.2   408.4   446.9   503.9   643.3   946.4  3837.5  92417.8    92506
read      587.8   667.7    80.4   171.8   197.8   305.6   367.5   475.9   897.7  1350.8  1536.6  1798.8  3312.6  4690.3  7989.8 169910.0   169919
read      595.9   686.6    80.4   172.0   198.9   308.1   370.5   484.4   941.1  1375.7  1550.1  1807.1  3324.7  6994.5  8079.9  88531.6    88331
read      599.3   682.6    80.4   173.0   199.6   312.7   378.2   496.9   906.2  1359.5  1558.1  1842.0  3354.5  4799.6  8070.9 172423.0   172554
read      607.1   703.9    68.9   174.1   200.6   314.8   385.1   523.6   912.8  1358.2  1560.1  1859.5  3440.0  7010.8  8104.8  94451.8    94380
read      582.4   674.6    80.4   171.7   196.4   306.0   369.9   473.6   801.0  1291.6  1532.2  1830.0  3324.9  4826.9  8051.6 157376.2   157069
read      519.4   634.9    80.4   163.7   185.4   288.5   357.7   450.0   613.1   898.9  1345.7  1666.2  3152.0  7506.1  8126.1  64306.2    64426
read      492.4   611.3    74.4   145.7   167.2   292.8   378.3   468.8   584.5   768.2  1128.1  1580.4  2912.9  7685.9  8119.4  27162.4    27114
read      598.8   683.7    80.4   173.7   199.9   312.5   377.7   495.3   906.2  1360.9  1556.1  1831.7  3386.7  4990.3  8053.1 144515.0   146723
read      585.7   708.8    68.9   166.1   190.4   299.6   361.1   459.3   842.2  1332.0  1536.5  1826.3  3421.3  7490.5  8119.7  61588.6   129322
