#type       avg     std     min      p5     p10     p50     p67     p75     p80     p85     p90     p95     p99    p999   p9999     QPS   target
read      207.0    75.1    80.4   142.2   153.0   199.5   218.0   229.1   236.1   247.7   262.3   288.6   383.1   695.1  3113.2   4994.0     5000
read      213.6    88.2    80.4   132.4   148.5   207.3   228.5   240.1   249.1   260.1   274.8   301.4   405.3  1248.5  2527.9   9990.2    10000
read      229.4    81.0    74.4   126.7   145.6   227.0   251.9   265.7   274.8   288.4   305.2   333.4   415.5   858.0  2352.3  15065.6    15000
read      233.6   165.8    74.4   123.9   139.6   227.4   255.5   271.1   282.8   295.8   315.2   349.2   442.5  1319.0  8411.3  19970.4    20000
read      239.6    86.7    74.4   119.7   135.6   237.2   270.0   286.9   298.3   314.5   337.8   376.0   460.0   648.6  1833.7  24989.2    25000
read      254.3   100.5    68.9   116.8   133.8   251.5   287.7   307.2   320.5   341.8   369.7   412.4   498.2  1061.2  2010.6  29984.6    30000
read      260.6   114.7    68.9   116.3   133.3   254.6   293.9   315.6   334.1   357.9   388.0   432.1   521.6  1431.6  3205.8  35080.8    35000
read      274.1   128.3    74.4   117.3   134.9   263.3   307.7   337.5   362.6   389.9   422.9   469.1   569.1  1032.4  2739.7  39938.5    40000
read      276.5   131.3    68.9   116.5   133.5   264.2   311.3   343.3   369.5   397.8   431.9   482.3   585.2   981.6  2462.4  45264.8    45000
read      281.0   128.1    74.4   115.5   133.2   269.1   316.6   350.3   376.6   406.9   443.8   494.2   590.4   773.5  3297.7  49918.4    50000
read      290.2   142.2    68.9   116.7   135.8   274.9   325.7   363.4   390.7   422.2   459.9   510.6   622.5   985.1  3444.1  54858.6    55000
read      297.9   137.7    68.9   120.3   140.4   282.5   336.4   374.7   402.6   435.6   474.3   529.3   635.3   833.3  3238.8  59693.6    60000
read      310.4   135.7    74.4   124.5   146.6   293.2   352.8   391.9   421.3   454.9   494.6   549.3   668.3   903.6  1823.0  64901.1    65000
read      343.7   161.8    68.9   133.8   160.4   316.8   392.8   436.8   468.2   504.1   548.5   621.6   797.5  1150.7  1971.7  69803.4    70000
read      803.7   370.2    80.4   407.4   555.0   740.1   791.0   825.5   862.9   980.3  1302.5  1452.7  1612.9  7023.5  8537.4  74775.6    75000
read      881.0   355.5   109.4   645.9   682.3   785.6   828.7   859.2   892.3  1030.8  1424.1  1546.3  1707.9  7055.9  7650.9  74489.4    80000
Warning! Detected max cpu usage > 95%
CPU Usage Stats (avg/min/max): 66.90%,1.00%,100.00%
