#type       avg     std     min      p5     p10     p50     p67     p75     p80     p85     p90     p95     p99    p999   p9999     QPS   target
read      183.6   101.3    74.4   132.2   140.9   175.9   190.9   199.7   206.8   215.7   228.4   249.8   300.6   953.9  3998.3   4972.4     5000
read      204.3   157.4    74.4   131.7   146.5   196.2   215.3   226.2   233.6   243.9   256.3   282.8   344.7  1462.2  9134.6  10041.4    10000
read      212.3    90.2    74.4   123.6   139.8   208.2   231.2   244.0   252.8   264.5   278.3   303.3   381.7   975.9  2612.9  15082.4    15000
read      228.1    86.3    74.4   117.4   134.9   226.4   255.3   269.8   280.2   292.5   309.3   336.6   414.0   838.0  2120.4  19948.8    20000
read      243.1   139.5    68.9   116.7   132.4   236.7   270.9   289.1   301.7   316.1   336.3   368.5   500.0  1870.9  4693.1  25096.2    25000
read      248.4   103.0    68.9   112.0   126.5   251.2   288.0   307.2   319.8   336.3   356.5   387.9   460.8   946.3  2322.6  30072.0    30000
read      262.5   136.3    68.9   111.6   126.7   262.1   304.7   326.3   341.6   360.7   384.9   423.4   521.6  1610.8  2668.2  35012.6    35000
read      260.4   141.4    68.9   113.3   128.1   256.4   302.6   326.8   344.1   365.7   392.6   432.1   509.1   770.0  4395.2  40052.0    40000
read      267.1   117.0    74.4   113.9   128.9   261.0   309.4   336.1   355.9   379.0   408.0   452.7   540.0   821.8  2321.6  44920.6    45000
read      275.1   127.8    68.9   115.5   132.1   263.3   313.4   344.2   368.5   395.9   429.1   475.6   575.1  1164.6  2891.1  50085.2    50000
read      283.9   124.5    74.4   117.3   135.2   270.6   323.4   357.9   383.7   413.0   449.2   500.1   606.2   775.3  2584.1  54929.0    55000
read      287.9   128.6    68.9   117.0   135.9   275.6   326.8   360.3   386.4   416.7   452.9   502.1   605.0   888.1  3771.2  59846.8    60000
read      300.3   136.7    68.9   121.4   142.1   284.2   338.6   374.4   402.3   434.2   472.5   531.1   667.7  1079.5  2173.2  64889.0    65000
read      320.6   143.5    68.9   128.6   153.1   303.0   362.2   400.7   429.3   461.8   501.8   563.6   712.1  1001.8  3053.2  69925.6    70000
read      743.1   404.2    74.4   233.7   305.2   744.6   797.9   831.7   857.5   906.7  1167.7  1478.4  1678.0  6982.6  7976.2  74271.4    75000
read      910.2   388.3    93.8   672.2   706.2   815.0   858.3   887.9   924.0  1003.0  1448.0  1589.0  1753.6  7170.9  9042.4  72489.0    80000
Warning! Detected max cpu usage > 95%
CPU Usage Stats (avg/min/max): 67.54%,1.00%,100.00%
